45125.7
24053.1
31017.5
19378.4
53559.1
48070.4
66744.7
29164.6
33654.1
35279.8
47066.4
30545.1
28573.4
40555.7
27890.7
34585.5
70521.1
35693.1
63908.1
18933.3
44911.8
38766.6
25417.7
24708.1
40217.8
43267.8
27122
28963.3
47777.1
43484.7
43917.8
53046.4
42953.5
63183.6
37528.4
70754.9
50219.6
23402.9
29751.6
58764.1
50307
32375.9
32326.7
56930.2
46082.2
41939
51378.7
13909.1
34696.1
36094.8
33305.4
21507.3
45812.8
43902.5
35657.3
45240.2
43275.3
32765.1
50360.2
49157.4
36731.1
34650.8
26336.2
18521.5
36296.5
31817.5
46787.3
28885.8
47732.9
29650.3
36757.8
33580.5
44367.6
29719.8
26203.2
30286.7
35395.7
40671.1
32352.5
35515.8
49315.3
27617.7
46343.3
47980.6
39355.7
41430.5
42706.7
34389.6
38531.6
38002.1
42772
27529.1
27591.2
35508.5
25612
40266.7
31578.1
42825.8
25240.4
33976.4
20946.1
47964.9
34720.8
41237.7
38874.2
38185.8
30057.1
30557.3
37144.6
42749.1
33755.7
37099.9
62953.6
42383.7
41805.2
29055.7
21640.1
26330.2
29758.3
41513.9
44452.1
40047.6
28860.8
50293.3
30017.8
33179.1
36106.7
49015
33484.5
47878.4
57229.1
37688.5
48154.1
26743.6
41667.2
31538.8
52535.3
34313.5
33726.5
26698
68129.3
26781.4
40883.6
65683.9
34718.6
30599.1
46139.8
31641.5
51702.7
63808.2
28801.7
54910.8
32227.9
24253.5
30017
59766.7
37694.3
30071.2
37025.7
29443.6
44558.5
45192.1
17441.6
40101.1
23303.2
27003.4
38372.3
32077.7
53018.5
44771.9
32476
34668.5
44947.8
19998.3
29210.1
41751
35588.2
35650.8
51573.5
37870
39357.1
30179.4
31709.3
25213.4
37853
64519.2
39477.9
49281.2
30718.2
66429.5
63927.5
35408
35698
25740.4
53957.2
36580.3
41818.2
27251.3
35107.3
46363.9
38381.4
41993.7
27907.7
39934.3
25957
26771.7
32000.4
44329.4
37529.5
35360.4
27344.3
33806.8
17668.2
38233.5
47483.2
32330.8
21837.8
31811.3
32588.8
38659.8
32502.7
52136.6
53171.5
56150.2
31383.1
17171
41015.4
41735.2
53271.5
51400.1
30506.3
58646.9
26620.4
40059.1
40788.7
40847.2
35144.8
38828.9
45443.9
55775
40615.9
37876.1
33654.4
38069.5
46947.3
47160.8
23072.3
64957.5
50567.8
25732.5
26137.2
29787.1
36547.4
37433
36738.3
34132.1
48800.8
55068.7
37227.1
67731.7
47038.5
31943.4
53454.9
42966.9
17840.2
44919.1
23528.5
26243.8
40464.1
51749.3
57173.5
47902.2
53934.7
30796.1
27068.7
63259.6
29545.8
35798.6
39472.6
20821.5
38331.1
34222.2
34291.1
57573.9
42626.6
40257.5
26610.9
75201.8
60379.7
31609.5
57513.8
32757.1
19983.5
43841.4
40294.2
39375.7
63891.1
19720.7
51894.3
35107.5
36213.5
30474.6
33506.3
33326.4
39904.9
33691.2
45788.5
23769.3
40187.5
58413.7
45987
41845.8
32363.2
38616.8
18004
51119.1
36497.6
20547.5
44403.6
35244.8
26983.8
51594.7
60178.9
28334.7
48087.1
37443.2
29146.9
22844.5
42003.9
47955.7
27078.9
51388.7
53993
27299.8
44565.4
49597.8
26094.6
61933.4
66615.9
37075.1
15904.4
37251.8
25223.8
37160.3
37954.1
32958.5
40556
25362.4
28574.1
31197.7
38157.2
37601.1
19566.2
21525.8
43298.2
41178.2
32839.2
30025.4
49620
56782.1
18634
32150.3
55222.8
22030.7
37652.3
34745.5
40061.6
44316.9
42200.6
15066.8
24307.8
44506.9
61002.7
60857.2
22324.1
58475.8
42813.8
34301.2
49915.4
20077.1
40571.7
50184.5
34020.2
57234
24095
35684.7
29949.9
65180.6
26902.7
49516.1
27155.1
26316.7
68103.4
51525.3
54672.3
30837.8
13951.8
30220.7
29802.5
30479.3
34090.4
31864.5
29514
40898.1
24396.6
44379.1
34000.6
40681.4
22831.6
38356
42185.5
43148.8
32473.3
42966.6
46486.7
34991.1
37453.6
30545.6
34550.8
32817.2
32612.5
40730.1
36162.1
47256.3
42338.1
33972.3
54376.1
47916.2
46617.2
47292.9
63419.5
40321.9
35583.3
45441.9
48699
26368.5
53804.8
34396.4
37584.6
42161.5
27535.5
48603.4
36196.5
39344.5
26456.2
32172.4
46943.1
42485.3
39088
38832.1
27633.3
34023.5
36579.6
37994
39671.8
49363.9
59225.4
42083.6
33032.9
52685.5
30317.9
30328.1
28972.4
29146.9
58854.9
61248.8
32150.7
27607.3
28057.8
50920
24078.8
31171
45593.6
53868.3
47643.4
14820.5
70197.5
53638.2
42368.9
29119.6
64642.7
26596.8
44522.8
10665.7
48277.1
46994.1
33961.7
27060.1
27428.3
43643.6
33967.9
49253.6
35884.4
44595
30540.1
38389.4
29517.5
30498.2
52025.4
41331.7
11239
36752.7
34175
43722.8
61504.9
35632.7
42551.1
44627.7
27664.3
40760.1
28330.4
29603.7
45521.2
40689.5
40224.6
24886.9
30415
28041.4
36788.9
16769.1
28341.7
36448.5
36046.6
19355.7
51135.9
48985.8
29839.9
35655
46182.2
38531
18996.4
43293.4
52262.7
41116.4
39268.3
47638.7
23064.6
36810.9
23059.7
40888.1
55152.4
27918.6
15317.7
27339
56337.5
55086.7
24590.2
48957.1
37582.2
34588.1
44881.3
61945.9
38136.3
58969.4
50614.6
28864.8
38366.8
33765.5
32564
55819.1
31930.9
31567.3
15224.1
57913.9
36980.6
27722.1
47307.5
54948.8
34447.1
24064
52600
20795.5
47840.7
42793.2
22602.4
25068.2
18264.4
45517.4
15144.2
42924.3
34414.5
53519.5
32338.9
43127
33463.6
37941.8
45392.5
30592.7
44892.6
38716.2
44288.1
29198.3
41810
42527.7
24763.8
18321.6
8403.09
40776.5
30778.1
26169.9
48040.6
51891.1
22665.8
21764.4
22852.3
30529.8
49513.4
39589
56946
49548.5
26289.3
51812.9
48510.8
37672.5
45663.2
39762
39616.2
44536.9
26345.1
57329.7
30251.3
24242.3
36657.4
33583.3
50477.4
39208
48498.9
41494.1
54413.4
53215.4
24952.4
27149.6
52022.1
36453.5
33566.9
34856
41924.1
32769.8
24960.9
48496.3
58252.3
17857.2
38774
31841
42873.7
32901.2
58983.9
25388
42730
35397.8
26012.8
47346.8
28311.9
35116.3
42488
31626.4
31253.5
36245.4
47835.3
32155.1
23608.6
45350.4
44856.2
59998.9
84959.7
37077.3
43740.5
32750.5
49751.3
31574.6
45809.1
61451.8
26084.3
46231.5
16327.8
60323.5
46355.9
32759.8
25858.8
43871.8
47238.5
32090
30953
30253.5
44884.6
38416.6
66479.8
58893.8
39741.8
46898.2
39517.8
24268.5
22358.2
49880.4
41615.7
47860.9
52399.1
25874.4
13381.9
47586.9
34862
46333.6
42245.6
50989.4
51017.8
26400.7
62423.2
22645.4
41951.5
63431.4
52002.9
43175.4
52221.8
20271.5
54393.1
45071.8
26936.3
41767.4
40101
39138.4
30980.2
35811.1
22080.4
19164.3
43460.1
30457.6
48155
50308.8
50748.4
50675.8
41970.8
44580.3
23883.6
34091.2
47201.8
28207.1
37089.1
29484.7
33252.1
48537.1
35709.7
29022.2
53013.6
38398.5
44351.5
24542.3
29167.3
21517.8
17767.1
33738.4
21110.8
41107.8
51048
32301.7
28931.2
43355
26201.7
35119
36923.8
22823.2
37250.2
39299.9
54381.7
24168.8
37499.5
39158.2
47213.5
22714.3
27064.5
31442.6
46253.8
37701.9
37026.2
32858.4
51676.1
40340
54657.4
26385.4
44748.5
42011.5
61550.5
49850.3
46197.5
23213.2
17540.4
31271.8
53119.8
30293.4
40748.6
32239.9
22895.1
53516.4
20933
51629.2
36923.3
48314
30387.7
46839.5
25509.4
58408.6
33044.5
36192.3
51627.5
57152.1
40701.1
26474.5
52491
56025.7
46433.2
52493.8
42138.2
17211.3
20459.1
18346.6
66509.2
58363.9
28859.8
39883.4
42678
29980.7
24121.7
28986.7
49734.1
40760.1
49659.8
52401.7
45547.9
36198.6
47422.5
24147.1
41333.1
34339.5
47200.7
29617.9
47389.5
16007.3
21939.2
29978
53401.4
42360.5
41464.6
33311.6
45998.8
37186.9
45617
23000.8
34596.1
42675.9
22558.7
33086.4
45430.8
43210.4
24032.4
24017.1
24600.7
22938.6
16370.6
49637.2
34479.3
26231.5
49115.5
41541.2
48896.4
51760.3
46524.2
30252.2
13876.9
24114.7
46456.8
21367.7
25076.3
32805.9
30480.6
28363.2
38964
41109.8
48750.3
38330.2
38407.4
61106.3
37325.7
45880.5
37919.7
46733
21032.6
42944.4
59093.7
36339.3
43310.4
15574
37218.5
49473.1
26961
48902.5
29941.2
28821.9
30299
42841.9
20021.5
36096.2
53805
27872.3
43679
53584.9
56169.1
48313.2
66245.1
27195.7
35009.2
53004.2
42756.3
44634.8
54826.4
39124.1
32824.5
22961
41046.2
55343.9
36155.2
26552.8
50617
58618.5
15353.4
35791.8
34608.1
21709.5
35189
18753
40196.1
17810.3
30832.7
54505.3
41838.9
49427.4
23510.2
11594.5
51734.1
38280.8
53557.7
53105.8
29646.1
41594.4
35880.7
44186.1
33538.1
63757.6
40811.3
31638.1
27731.8
34941.5
39339.4
56620.6
42299.7
36557.8
26938.4
41646.5
23573.8
38382
60065
38096.5
49046.2
31020.6
49655.2
43589.1
46855.1
37558.5
43733.5
45403.1
38341.2
42911.2
46760.8
38296.1
48248.5
34936.4
37632.7
30166.4
27919.3
30350.1
53084.5
38117.9
55333.9
60483.1
60963.6
29925.8
43906.8
44264.3
39184.1
23740.2
19707.9
50620.1
40674.5
39422.8
68390.2
32907.6
28716.4
32195.3
51337.9
56247.3
36009.2
23067.5
25212.9
41388.4
56767.9
34763.4
55436.1
48652
34307.3
31076.2
35111.2
38051.4
32422.4
36992.5
50045.9
30812.1
61770
29355.6
71082.4
29564.1
61731.3
33902
40624.1
42568
43814.9
47802.8
38929
35865.7
40443.4
47787.3
51407.4
28342.7
68456.2
37453.7
56632.9
42486.9
34700.2
46028.9
39929.6
41257.9
21262.1
17510.6
37437.4
37743.3
28688.1
56095.3
29283
32346.7
45385.6
26186.8
29111.6
37445
35056.7
22678.7
43962
37660.4
34740.3
36573.8
38061.8
35842.7
21286.3
38901.8
27347.4
39631.4
53643.1
46680.7
27800.3
47048.9
29981.1
32694.7
20860.9
55410.5
43809.4
55912.5
48329.8
54197.3
26116.5
23981.4
36546.6
40889.1
40636.4
28790.3
46061.9
38536.7
25987
26202
44863.6
35123.3
44399.5
49907.6
21313.8
26502.8
26536.5
22320
45321.4
45852
40842.8
46905.2
46547.1
27777
19280.1
39021.3
37517.1
39849.3
30841.6
29669.7
43171.3
39445.5
34735
58512.9
32395.1
25721.2
30644.3
15857.5
69047
47408.2
35890.3
25401.2
47637.4
28955.5
41783.1
27709.5
22798.3
25167
32518.5
39236.4
48392.4
15003
51223.2
16309.7
63367.9
49577.7
29949.1
53581.2
45707.8
31662.3
43951.8
24875.6
27917
41681.2
33804.4
50234.1
34769.8
33617
37536.5
40661.5
42547.5
52004
21317.3
40812.5
36209
41489.8
46334.2
55659.6
13121.4
58566.9
29682.6
40902
52849
42326.9
39762.3
52660.4
50864.7
64397.7
21249.4
36625.3
52857.9
40287.7
37620.9
33308.6
32544
43976.7
36454.1
36335.9
30204.3
29003.8
38230.6
35333.2
36482.2
24957.9
33800.3
57387.6
41982.9
62948.6
27742
39000.7
36891.3
44534.3
61707.9
32223.5
37711.3
58665
49871.3
64142
25854.7
30924.9
35817.5
37073.5
47955.4
31345.2
53155.2
19935.3
40797
32570
27839.8
50797.5
47790.7
23261.4
48587.6
40037.9
41539.1
36157.7
38076.9
43571.2
35186
63636.9
50568.4
54211.7
51621.8
27454.1
46270
31748.3
40469.9
43838.2
35210.8
43888.8
26526.8
48868.9
60596.5
51647.1
33516.7
25711.3
33898.4
28236.1
38346.9
41184.6
58918.5
44880.7
27183
39957.3
47491
37087.2
49707
28693
47897.4
39004.7
70553.7
37193.7
34430.4
32656.3
28234.5
45353.6
38267.2
48517.2
24422.2
47114.8
55915.9
38931.3
30388
28331
40131.6
41023.6
33474.6
35183.3
7011.95
30742.2
50825.5
56622.5
56552
27842.5
50394.2
35069.1
41714.8
49898.3
33113.9
59221.6
63059.9
43581.3
24554.2
29579.8
32188.9
34563.9
52317.2
26987.5
50669.1
36362
23657.1
27456.2
41848.4
47940.6
24865.3
15983.6
71034.6
21658
39741.6
22073.9
46352.5
33760.9
47197.7
45024.6
42181
35569
40444.1
43638.3
63131.4
59535.6
41187
21135.6
36168.7
56834.3
46208.5
47776.5
22336.3
30921.6
48194.6
43260.4
35600.5
29212.4
39797.8
40955.1
25902.2
18315.3
46678.7
41173.2
62815.6
45821.4
32187.7
46723.6
38843.7
22804.4
53307.5
26745.9
55405.8
48133.3
23024.1
33496.2
50016.2
36122.4
40678
11582.2
68420.2
32707.3
32385.5
42110.7
43900.7
32888.7
53442.8
30352.4
42026.9
52861.7
44243.7
36428.2
34138.8
50818.6
14894.2
22117
36211.1
16486.4
21404.3
49461
59743
33300.9
33431.7
28448.2
33650.6
24829.3
31226.4
49663.6
33030.5
33838.8
41493.1
32550.6
40310.6
47062
34679.6
29722.8
34324.3
47928.8
19192.1
51916.1
36721.4
46209.5
33619.2
52543
46744.4
51822.3
37735.3
35717.4
34616.8
46739.1
38633.5
38564.8
29895.3
37607.4
33491.4
19598.6
28034.7
42983.2
30881.8
72539.3
28311
43857.8
55953.9
40875.4
40693.1
32797.7
29423.3
55579.5
35249.8
52491.7
35930.3
44191
38456.2
49723.8
41060.8
50257.9
48203.5
37815.8
36410.2
41822.8
29296.1
31095
41408.8
48455.7
51025.1
30505.3
24998.9
35257.6
13922.1
39496.8
39073
28727.2
37661.3
33575
29251
63318.1
35788.4
60860.2
34789.7
43742.4
37316.8
38912.5
42879.8
47338.4
41583.7
35303.7
43791
42692.8
33967.9
30845.5
29653.8
45228.4
38202.8
54304.1
34444.7
28767.8
29773.9
52001
24556.3
40172.6
43884.8
32074.1
34605.7
30353.7
33968.3
60599.5
19956.7
27073.2
34840.3
21977
47897
23433.8
45436.2
37056.7
14484.1
19780.2
45041.1
56401.5
38621.2
30285.1
52799.4
43712.4
33855.8
35999.5
44526.1
61364.7
31464.4
34336.2
35950.2
27859.4
55660.6
26919.1
46505.3
50671
58268.8
29128
37069.6
42700.8
49335.6
47770.5
17925.5
41273.7
41763.9
313.081
34778.1
37448.6
32174.3
35686.9
62265.7
31170.2
48761.1
36598.9
33440
30806.7
22190.4
23018.7
25686.4
57917.4
42126.9
24142
36145.6
35514.3
25029.1
28880.1
33736.6
26003.2
42682.9
45064.2
45903.8
14677.8
68135.1
39401.1
33681
33078.9
36779.6
61455.8
42660.4
34570.5
60600.4
35535.8
48152.4
39269.6
33067.4
49225.1
46389.1
42413
53760.8
31763.8
36328.7
28836.1
30328.3
62755.9
33598.7
58435
27756.8
44300.5
34450.1
41366.8
30158.6
32277.7
22736.6
62719.1
27147.9
25425.9
42816.2
22698.7
35650.9
39222.6
40582
50690.7
53322.9
53164.3
57475.8
53528.8
58907.7
51689.7
39435.5
24513.3
44738.2
25662.4
56580.3
38043.8
38706
66491.8
32099.8
27969.2
61941.6
38619
35585.2
26146.7
19392.3
40670.5
28915.8
27189.2
31554.9
31713.6
23352.7
28067.2
33113.7
34135
20472.8
49908.5
47696.4
23095.2
15669.6
53557.8
45542.9
40435.3
40032.8
40663.7
32071.5
46677.9
33696.3
41404
33381.3
29128.6
36343.1
21759.1
19151.4
34184.6
46678.2
29707.4
31074.5
32715.4
30044.4
21742.8
41326.3
40362.5
25771
17977.9
28177.8
52329.9
30047.2
35230
40445.2
34458.2
52846.9
33153.4
37462
47000.5
49753.1
24061.5
29442.6
39941.8
42039
24447.1
41740
35218
61701.4
49447
28393.4
37807.4
63787.1
47591
23323.8
31289.1
38736.1
52366.5
48488.6
11006.3
27511.8
47420.4
40164.8
41542.9
30096.9
57362.6
28269.4
48372.9
53593.2
25075.8
29942.3
56786.4
32207.2
21293.8
29678.7
27918.2
52472.8
37178.9
42806.4
27857.6
26653.8
33887.4
47718.5
44454.3
49348.7
47111.9
58953.3
51332.1
28405.7
36075.9
27745.8
42932.9
46409.6
59128.3
55632.8
53770.6
40227.5
30504.7
41767.3
55023.4
34308.2
28102.5
29186.9
45211.5
37585.8
37401.7
27610.8
32363.4
34725.2
22092.5
26205.8
42701.5
44354.8
43846.2
41564.7
34627.7
15411.9
52946.1
23143.9
38619.3
36768.2
37309.6
40606.5
51521
37834.1
31523.8
30162.6
40076.4
32631.6
22968.6
33207.1
41759.1
38307
44774.9
12849.9
52751.6
35520.9
46386.9
49879.5
28316.4
30296.3
39421.3
51203
63431.3
37909.4
51684.3
46893.6
23160.3
50601.8
51593.5
58384.5
27875.9
52090.2
36517.9
36304.9
44213.6
31458.7
56317.3
41400.3
47093.5
28620.8
58944.1
67003.1
28165.3
25518
38367.8
31430.2
21040.6
36811.3
38919.5
31678.4
43864.4
23910.6
18508.7
42965.6
38080.5
60268.1
32513.1
34261
30533.4
45730.5
66213.2
45463.4
33467.5
31264.2
11453.5
34684.3
49723.6
54476.7
30642.4
28904.1
28282.1
49859.4
36872.7
44654.3
23132.5
29432.1
36106.5
52193
16809
45595.6
36500.9
45779.7
42559
31039.5
49735.1
56291.8
36920.9
44701.3
26364.1
34242.8
51001.5
32087
41745
53078.4
35471.5
23187.6
20918
22263.5
50209.9
27801.2
30566.9
37710.1
48246.7
36694
34277
30563.8
56337.1
28597.3
21380.7
43247.5
56167
44653.7
39448.9
38017.1
48892.3
46189.7
40989.8
42474
33574.2
33592.4
46628.9
40393.8
42595
21489.1
48296.8
60932.9
32451.4
48383.4
53845.5
22273.6
16732
48599.5
29819.8
34994.2
36822
49601.9
34318.2
32655.1
19100.7
51540.8
34718.9
60267.1
46122.4
39189.7
30704.2
45057.5
41752.6
40052.5
52506.6
31868.4
34185.1
39582.4
52529.7
50499.9
43568.2
55483.4
51109.1
34904.1
37835.7
45938.9
56350.6
30489.9
55602.7
36800.8
58301.8
29498.6
38151.3
29933.5
46213.2
24891.6
37204.6
36195
26435.4
45042.5
44215
43056.2
22622.8
22301.7
25107.2
36853.5
64938.5
34231.6
13445.9
29330.2
20230.6
40115.9
75430.4
63514.5
27870.1
46441.3
38029.8
41669.4
34576.8
38789.7
39441.2
41931.2
27232.5
25836.2
21392.1
48508.9
29283.1
51982.1
46340.9
25720.6
31221
55155.6
6582.87
55832.3
45967
60837.5
43287.9
35997.7
43509.2
40507.1
47281.4
28492.5
41672.5
21168.6
33324.7
20352.3
41327.7
57926.4
36568.3
47152.7
35526.5
32398.6
56409.7
25561.2
42447.2
60852.6
31206.1
42433.1
25065
32459.4
35738.8
77798.5
46865.7
41610.7
34224.1
36664.9
44561.4
62571.3
30401.7
46173.5
26268.2
50578
51896.3
34375.3
36767.8
27775.1
30380.2
32768.7
16874.4
41312.8
31078.2
45386.2
27683.8
11964.3
43766
41118.3
57576.4
18036.7
41571.4
34252.6
35295.1
32998.4
34835.7
59752.6
46934.5
41660.6
18637
29208.3
26280.8
56625.5
45809.8
51375.9
40829.1
34580.8
38276
26509.5
35178.2
39240.6
48874.8
26889.7
40530
50283.6
45122
25537
28975.5
42751.4
50566.7
26550.8
25494.5
36665.5
35045.1
29326.3
37525.8
36807.4
22289.4
49443.8
32830.8
43132.1
40768.5
35997.7
48884.4
48076.4
47390.9
65734.5
55806.5
26400.2
35536.2
23546.5
57162.5
53774.7
26005
19672.6
32947.6
23725.6
24995.8
25334
49009.5
43211.9
23829.2
49487.4
49370.8
34394.9
35801.1
30441.2
26236.9
64505.8
25183.2
59404.8
48629.4
49568.3
52343
39934.9
29565.2
23222.4
53449.4
46132.2
34145.6
35019.7
38548.9
47691.6
50769.7
48660.6
70721.4
36632.3
36672.3
47388.6
30691.4
51586
41652.7
40706.4
40470.2
48906
27785.6
17013.9
25606.9
68383.8
46711.8
27559
43897.9
24087.3
40066
48341.6
48217.1
31236.9
31859
13078.1
37591.3
31821.3
28723.8
50091.9
38635.1
45334.5
44675.2
24981.7
28025.5
30452.1
48850.2
54468.8
24613.8
40963
41766.7
56679.8
42057.1
69857.3
30731.1
47582.8
40641.8
20410.8
35094.3
24953
45413.2
56762.4
28375.9
35090.5
42027
58560.6
42395.5
31059.8
38045.7
33453.6
23851.4
46016.6
64280.1
29233
0
32980.3
41018.7
43433
50116
40388.6
43061.5
63709
40051.4
53661.8
32683.3
55619.2
24699.8
64113.2
39788.7
36186.4
35189.5
47395.1
48740
40714.2
35785.6
55644.1
55421.8
30071.6
18985.8
20371.3
55571.3
18727.1
64275
22646.1
25416.8
35932.8
52930.3
83601.3
45770.9
45610.5
40042.6
31774.3
36755
41521.1
43402.7
51566.7
47781.6
36934
50054.6
31549.4
35269
50664.5
27566.5
34006.3
27333.8
27737.3
15618.8
57931.6
50852.2
44099.9
48882.4
41144.2
57039.6
33515.9
33572.4
32342.2
30395.6
39118.2
11830.2
39040.7
31333.3
48817.1
54545.7
16372.1
55669.5
53645.1
35075.1
36949.8
45667.9
43490
61755.5
40385.5
51519
42545.7
36834.6
34944
25328.4
61531.1
55134.1
34946.8
31789.9
38319.7
39942.2
31910.8
46913.2
32414.6
60090.5
36171.7
26310.3
39450.6
51303.8
57544.4
50097.6
35948.6
51120.3
30763.4
18766.9
17323.1
36747.9
63654.5
50877.7
16604.7
10394.3
28797
33247.6
58250.4
46535.3
50795.2
39311.7
25070.3
43495.8
13291.6
45152.3
14526.2
21338
34477.7
34459.3
43151.6
27362.2
50723
38980.5
17561.7
29599.1
35789.2
47410.5
32610
41903
14929.9
53150.4
18245.3
49192.8
29123.6
42712.1
30071.3
23597.9
46216.1
19182.6
22679.5
45311.8
44201.5
46937.9
50477.2
34611.5
71933.1
36187.2
23773.5
29664.7
44593.9
23091.2
37067.3
27586.4
28047
37404.2
32576.6
51267.7
31528.4
38886.6
38990.7
34941.5
36869.5
52505.9
34011.7
46963.2
40402.9
33158.9
32554.6
36851.9
32199.4
50570.7
28492.4
32961.5
30850.1
38617.9
30755
30853.2
43426.5
30460
23506.3
21918.4
35412
38502.7
47211.4
39563.8
43432.1
13847.1
27201.9
32005.2
54289.8
35636.6
34291.3
36416
25441.3
39388.4
39464
21972.3
46940.3
51911.3
44067.3
38621.8
37959.2
29804.1
37753.8
27722.1
24669.8
72215.9
55101.1
52805.8
35419.8
37443.9
34482.7
38076.1
48113.2
47221
40629.9
31689.8
29118
35604.6
37426.5
15517.6
27720.5
44662.1
31836.2
60118.8
52779.2
36593.3
47130.9
55520.1
51797.4
22127
55631.9
43672
39258.2
26924
29746.2
35753.9
32023.7
58170.5
64824.9
33474.7
31870.6
46961.3
25836.4
41344.6
29405.8
25355.4
39709.2
46113
39683.9
30304.2
40487.7
52678.1
44767.8
30852.3
51631.1
61950.8
55916.2
55405.2
45949.5
49980.9
29948.8
21570
45997.1
31220.8
44951.1
36480.4
17482.8
31877.1
53137.4
41316.7
36193
42124.3
30723.3
26101.8
47312.7
24546.6
49096.5
48378.7
52408.9
48240.1
46292.4
39129.4
50476.7
25890.5
27429.2
36825.2
34197.9
36005.1
32695.6
17083.9
27366.3
38996.5
37098
23642.5
19881.9
65953.9
30048.4
44761.2
55541.5
51715.4
24582
59594.1
66518
40769.2
45673.3
32854.5
35697
39292.7
37909.5
25534.1
39941.7
29155.8
48084.2
33628.3
33662.5
15436.4
17977.3
56944.8
58015.6
22477.6
32742.1
36418.9
27531.1
25332
12193.9
44975.5
37310.8
24816
52314.6
44287.7
54135.7
37244.1
34168.9
52160.8
28307.6
41340
56335.4
51005.9
35584.3
53459.3
39669.3
38177.7
27750.3
52025
39019.8
51346.1
34535.4
24291.4
40993.2
44512.7
22918.6
22323.2
52348.7
47422
55542.2
22107.2
34746.5
62562.1
54400.6
36222.8
51504.9
24120.8
33161.1
20685.1
43728.8
19704
49409
51878.8
33488
23865.9
55365.3
25714.3
65541.5
45184.7
40164.9
37640
66825
50314.7
27296.9
22162.8
39247.9
48244.3
40940.1
53574.6
41337
44133.1
54455.6
20314.8
35655.7
29507.7
34449.3
36862.8
34703.9
44362.1
50685.8
44905.1
43783.6
47481.6
35789.1
43824.6
38148.1
50893.6
52579.9
52156.2
44693.5
66497.9
44197
38323.7
54107.8
20055.5
52119.5
34660.5
39317
27805.7
20341.5
44627.4
51976.1
37084.6
63242.2
46696.9
23244.7
30919.3
28683.8
46851.3
36156.3
19602.7
42147.8
48593
51376.7
27146
61880.3
54038.7
60486.3
58000.5
35561.4
20752.8
37030.7
52797.5
14578.4
35693.3
59239.9
56960
29712.1
33538.3
32659
52000.4
20338.9
33676.5
37626.7
50735.7
56382
39983
66263.8
44444.3
38229.4
49183
29665.7
18551.4
49489.7
42904
51882.7
55364.2
47071.7
31449.4
56525.4
31844.7
52966
28926.2
43510
44736.6
75776.5
42778.3
34218.9
13940.1
51044.5
19972.8
33754.1
61183.6
48530.3
36425.3
46553.3
39368.3
52489.2
37745.1
28754
28862.1
33815.4
24507
27819.7
29176
18545.4
18147.9
23337.6
53309.7
30413.1
26969.7
9682
34593
33930.3
23373.4
34648.4
34480.6
43918.5
27751.3
51171.9
37011.6
45354.5
42673.4
17522.3
41883.8
40512.7
30656.6
35561.3
33326
38875.7
53252.4
60985.8
50321.9
21385.1
61414.8
26494.3
47683.8
33192.4
41947.3
40676.1
50417.5
39662.4
26247
29814.1
44686.7
57074.5
55136.3
32702.6
23193.2
45163.7
33427.1
42955.4
37587.3
38471.2
56355.8
32153.5
35820
51795.8
29502.4
18356.3
52041.4
36982.8
31285.1
34782.9
47573.9
38524.5
40105.3
34476.8
48257.1
40699.2
66141.7
38795.7
36677.2
17802.9
45813.8
26773.4
52535.8
53035.4
30320.6
48248.1
47299.3
41032.9
35467.9
52403.6
37607.4
21594.1
48761.4
55892.7
42703.3
37453.6
55484.5
32116.1
38039.4
26814.5
42468.3
31429.8
30593.1
28248.7
55702.6
36128.1
40706.7
57284.9
45625.7
50559.1
35005.1
49123.4
49158.6
23016.6
46771.8
48296.3
48074.1
48298.7
53085.6
35848
36385.4
49442.8
28093.6
66929.9
48270.3
42808.6
37629.3
26042.5
53800
23166.7
35622.8
44518.2
26495.4
22615.6
35757.6
41314.6
33256.2
41628.9
34230.1
46081.3
68686.4
25848.6
20361.1
46695.1
24980.1
58253.4
34955.4
72277
37261
52818.2
45884.1
59971.3
38087.5
23701.2
11883.7
32668.9
73686.8
25823.5
58488.7
40626.9
49708.9
26978.5
45437.4
25005.1
28731.8
67077
53727.4
39009.8
48107.9
37275.8
39008.9
37709.5
46929.3
47957.3
36701.2
42968.2
37235
57274
41671.9
43939.1
43179.2
27089.1
62223.3
46381.7
49604.7
48323.7
35145.7
43490.9
44457.7
28528.1
58586.9
46423.9
38177.7
42642.2
44353
36858.9
30859.4
41223.3
44860.5
36387
32670
34421.9
40978
48347.7
41749
51862.2
39758.9
59770.1
40312.9
36250.6
30708.8
39852.3
46562
47384.5
44758.1
40995.6
43868
55765.6
57770.9
29470.2
27828.5
37934.6
36636.8
35532.3
14435.7
70376.2
48987.1
45276.4
43353.3
57830.2
47476.9
29140.3
55968.5
53525.7
27388.5
46358.7
39264.2
49789.9
43108.3
36576
28455.9
22697.6
55914
33349.2
52244.1
31891.9
35184.1
34983.9
33896
48515.4
30183.9
46298.1
9891.5
32375.5
20413.9
43958.3
22491.4
37645.7
49660
44184.5
21283.9
54232.4
44550.3
46658.8
39453.3
38228.8
43696.7
27032.4
26885.1
81470.8
30387.7
44569.4
39665.5
41241.4
52096.9
31972.4
22055.9
25559.3
47890.1
36650.5
46006.4
32995.8
33674.6
51160.2
17883.3
35508.3
40550.9
42546.1
29177.6
32488.6
37102.9
46281.3
27562.9
50605.9
50078.1
36795.5
23116.8
57432.2
46285
42068.4
39185.5
46796
57174.3
40523.1
46537.5
19965
49165.2
44574.2
52489.3
38182.4
33902.5
25742.1
44084.4
71130.9
29040.7
42528.9
37997.6
29802.6
35011.1
43867.3
46646
42379
41052.8
24664.4
49821.4
54612.1
36896.6
35585.6
30061.5
50283.6
58358.3
45158.4
25727.2
37739.3
54555.5
50418.8
22180
41018.2
42595.9
30865.9
31487.5
33039.9
46061.3
38347.5
47738.5
25242
46757.7
39380.6
46530.7
47643.4
31213.4
72822.5
43678.5
32918.7
54929.4
26670.5
29705.2
36615.5
46214
16508.7
49647.3
41437.1
51166.7
37431.6
48316.8
43628.4
55749.3
28082.1
42887.3
39904.3
19314.6
36630.4
30061.4
19242.8
52307.1
44519.9
36276.2
20725.8
32009.4
45025.1
48204.8
35088.3
24582.1
20495
39906.7
23985.8
19167.6
43296.9
34041.9
48284
45288.4
35402.7
15954.9
24131.3
29705.5
46241.6
40166.9
45381.5
47245.1
31561.5
38014.2
45490.1
47412.3
34623.3
38151.6
41754.9
43812.1
73378.5
45280.2
67895.2
50177.3
48049.7
32856.3
57955.2
56132.4
31019
48844.6
43105.7
34147.3
25167.4
42265.6
27106.3
38473
32236
31868.6
49032.7
57016.8
49603.4
35673.3
40386.6
40284.1
44677.4
36947.9
27422.5
35096.8
33903.3
36042.7
38123.9
37839.6
37617.5
43322.8
31234.4
40634.5
28129.3
35175.2
59261.5
52841
33665.7
28415.4
34202.4
49511.2
38348.7
38464.9
42611.4
38070.6
50323.8
35380.4
50655.1
31187.3
41029.3
38358.6
51488.1
34561.8
53282.5
40704.2
49973.7
49282.6
34340.3
40430.2
24798.7
57905.1
47525.4
36021.6
35667.9
30820.4
42243.2
19618.3
51635.2
25763.2
40999.2
30055.6
35474.2
29602.8
61448.7
44228.8
43657.5
47878.3
40578.7
48473.6
25204.7
51683.6
44517.8
36885.6
36002.5
46538.1
27455.9
29330.9
49320.7
39909.9
61965.1
51866.4
42653.7
35855.9
40515.6
52314.1
35092.9
61023.6
30961.7
46801
38132.4
35018.1
35906.5
44318.1
51021.3
31303.8
43916.7
36064.8
31360.5
59607.1
42632.5
50429.7
26593.3
23461.4
24203.7
32494.1
28902.2
34042.5
32272.5
65555.2
18252
47745
39351.5
29345.3
25761.7
49154.6
33769.7
55065.6
70823.6
35959.7
30325.8
32955.3
56099.3
45994.3
35438
36308.5
40612.7
27582.4
34575.2
40052.3
52473.9
37398
28791
29545.1
31287.3
47939.5
52812.9
51166
22048.4
32513.6
55977.9
44084.4
47574.2
32028.7
26261.6
37362.6
49486.2
42486.6
43532.4
39571
64859.7
39296.7
43384.8
28707.4
31196.3
45019.9
27148
32210.8
43184.7
57281.2
34594.9
24936.7
51667.9
28942.9
50383.2
34861.5
23005.3
24875.1
34741.1
54944.7
31782
34026.5
37778
28051
33585.5
59085.9
31265.7
50201.4
40467.3
29628.3
25388.1
49015.6
19609.9
40980.2
26142.2
43295.7
55098.2
26532
24978.9
48259.7
33445.9
38702.7
33497.2
61864.6
37270.4
48907.8
61479.7
11498.3
29758.4
49371.3
35694.3
16504
33483.9
31205.4
32599.2
33251.2
53541
17776.4
15922.2
25347
25128
10807.2
44606.9
25575.8
42476.4
57593.7
48123.2
19424.5
42713.9
34566.5
33235.8
62820.4
43483.2
38543.7
54824.7
33919.6
49534.2
48468.9
28377.9
35327.5
45707.2
16138
30220.3
15925.9
61242.8
21596.4
35807.7
36659
31784.1
40649.7
48724.6
53298.5
28647.9
45193.1
17311.6
34100
34498.4
29651.9
25785.3
39503.8
25418
20660
38179.7
32887.1
35006.1
32646
38961.3
24479.6
48739.4
22300
28907
44890
36075.3
40826.6
36088.9
44084.2
42176.7
43914.4
54952.6
54381
36955.8
44352.8
41781.6
60599.1
25156.4
56216.3
35059
46703.3
40863.4
59200.9
47822.5
47200
34325.5
56025.9
30351.8
19364.2
37175.6
24023.8
72730.3
32438.2
45626.7
35972.9
48908.8
41840.4
45020.3
30961
47170.4
28103.9
28674.9
49597.5
48866.2
40161
39640
33377.7
36085.3
27616.1
23218.5
22594.2
46286.9
32497.7
53799.6
27855
44351.9
39900
21511.2
41416.8
47586.7
41784.1
41685
39850.6
29653.7
26923.7
30824.8
50096.4
41439.6
29402.8
39549.1
33288.5
28795.3
39811
40608
19685.8
70325.2
24540.1
26328.4
28492.3
45645.8
44791.2
42002
59531.3
17030.5
20999.3
40361.9
40411.4
52783.4
16767.9
47604.3
34460.9
37735.1
27940.1
8886.49
52714
57189.3
23664.7
39527.4
40175.5
32393
25707.9
31979.5
23348.6
46390.3
34248.4
47190.3
26707.7
32256.3
36100.7
37167.8
52192.1
60557.9
60813.3
42110.3
41845.8
34376.5
18433.4
38461.9
50883.2
63353.6
36753.2
23697
25861.9
38021.8
29686.9
14488.7
45592.7
30261.4
55050.9
38280.2
29914.6
61418.7
34016.8
56000.7
43834.6
36828.8
50710.5
33397.4
60307.3
66236.3
38649.1
43360.5
55571.2
30436.9
59314.5
37822.3
42028.6
38163.7
30937.9
34192.3
67452.2
47643
34090.5
58067.5
60586.9
36421.8
52021.7
25019.7
35258.5
38802.9
22432
43499.5
27439.5
34512
42152.9
41907.8
52201.6
58443.6
32274.8
38056.4
28806.1
31315.3
39821.5
20564.2
51425.1
43982
27266.9
42137.9
19701.2
48267.8
45684.5
42479.3
34491.5
30141.6
29896.4
28410.6
38121.5
17411.7
45310.6
53540.9
36294
51570.2
37034.5
36809.5
42710.9
56538.2
28440.7
52803.2
35381
36180.8
65256.5
35531.4
36719.3
62238.8
46137.1
41466.4
63029.7
40835.2
42512.2
37114.7
33019.5
23393.2
24542.2
8725.99
49255.9
41108.9
41880.7
40412.4
10525.9
42459.3
48679.5
24601.3
31815.8
57033.1
41109.8
37396.2
36956.7
16206.2
21166
33280.5
43650.8
32337.8
49920.9
58056.4
26637.2
38224.1
48427
31378.6
40322.5
43344.1
33925.3
18061.6
49583.9
40372.9
36616.6
16772.2
39039.8
42749.6
39879.3
23498
35981.8
37287.4
48100.2
55589.8
38923.4
20916.2
62214.6
34670.1
34749.4
51252.9
44763.3
36855.8
30738.1
38319.4
50022
40794
37154.8
32146.2
26293.6
33418.3
61397.5
59199.8
46755.7
34647.1
43432.5
79085.7
30835.6
50027.4
52138.2
53230.9
23775.8
35616.9
28341.3
17803
61119.1
32088.4
55346.2
35204.8
37890.1
47386.8
30069.3
56101.2
37136.8
57161.6
48912.1
35233.1
64789.5
22720.4
58211
54948.5
47352.5
36195.2
55069
40186.4
36743.6
25783.4
44413.8
41176.8
29253.7
37216.7
23557.5
22036.2
23034.1
41421.4
80877
21522.3
41056.1
28507.2
55584.6
37526.1
60308.1
50063
38412.3
34719.6
29557.3
54755.7
42222.2
43798.2
58123.7
16390.3
24732.4
24268.7
26809.9
44838.4
41889
54124.6
30884.8
53524.2
54239.4
30243.3
57433.9
36487.1
53133.2
39057.9
51295.9
30199.6
47803.1
41125.7
20742.1
61073.4
47174.2
34579.4
39632.8
40221.7
58397.8
20034.8
37159
51000.5
32230
56020.3
22623.1
46707.1
43323.3
41288.3
33441.7
35851.5
20433.8
35732.5
43056.5
51466.9
29342.5
39155.1
38798.1
52786.1
23464.9
25296.9
35771.8
39193.6
26533.2
46691
44018.6
53183.2
40784.9
39133.2
34122.8
44435.4
38215
49814.7
59880.4
38267.9
35976
36634
27555.8
44686.3
37291.7
27692
34930.8
39699.7
75542.5
42606.4
33943.1
15478.3
40652.8
19762.2
48942.1
50780.5
43972.1
32290.5
43487
41327.2
54306.1
58127
26032.9
31131.4
40771.3
44533.8
29484.5
30923.6
48858.7
36514.3
43870.1
26050.4
34666.4
33171.5
33926
30747.1
46052.8
40786.9
57393.1
27866.7
57123.7
27089.6
55036
40168.8
47122.4
35295.4
22993.3
32055.7
53385.9
51294.2
50546.1
39258.8
27671.4
23327.2
17893.8
43692.6
26973.1
37128.3
17684.7
31689.7
46206.1
27728.8
54292
27568.2
26280.5
47010
38262.2
40778
44736.3
28168.6
24357.8
47674.2
34287.5
61023
37555.5
19089.4
27002.4
23154.8
55528.9
30531.7
46684.7
35612.6
36189.4
44109.6
35332.9
33635.2
38815.8
29753.7
28320.3
25501.6
17441.7
36243.4
35019.2
34153.5
36552.1
46179.9
26883.4
67731.5
36863
49356.8
51424
34788.7
34846
48675.7
35896.2
40792.6
47205.6
50591.8
55401.1
28568.9
64285.8
33921.7
21696.5
47494.7
70731.8
45966.1
53251.1
24580.8
30260.9
47516.3
19290
39288.5
21427.6
39875.2
26769.4
51167.2
53303.2
33491.8
47631.6
53187.3
40686.6
36558.2
47852.6
44773.5
22607.8
28804.5
40296.1
27966.7
54777.9
33614.7
49279.5
46478.9
33019.7
39009.6
29114.6
43056.8
45668.9
45452.5
30535.4
82146
77032.6
42207.7
57061.9
32992.1
30866.2
29990.8
20879
32779
25748.1
38156.2
48301.5
34285.4
49965.3
36807.3
47884
38821.5
37917.5
52796.6
45528
24025.6
46768.1
56719
36117.8
55080.2
53628.2
37783
52131.2
63084.9
25485.8
57907.3
37061.4
34124.6
53945.6
28313.5
20802.5
29669.8
41171.9
68661.1
38266.9
37599.9
37143.9
28656.7
42037.1
58126.7
20550.1
71581.4
39949.6
47007.6
33396.7
28759.1
23245.7
30859.2
33261.4
29494.1
37491.3
32910.9
44831.8
21782
33382
40350.2
40963.3
33749.4
42730.7
38710.9
25274
38157
38610.7
36878.9
55858.8
51868.5
21196.4
44374.8
33253.1
47596.4
45642
50738.4
30168.5
68438.8
46416.9
42381.5
25893.4
29815.1
54409.3
36499.3
33207.9
37009.9
45743.9
44490.1
44730
34820.5
21470.6
32477.7
59328.4
48433.9
28241.6
29404.4
52860.7
15064.1
44044.2
8174.13
42347.9
54897
39567
21012.8
30098
35416.6
53110.8
54880.1
35352.7
21985.5
51417.7
35066.3
38635
38144.5
48957
41085.8
54676.2
37128.1
46376.5
47029.2
31555.7
33489
29128.9
40941.3
40202.4
27375.5
34324.5
23886.5
32063.2
46574.9
18673
44859
38137
52427.9
28265.2
31483.4
42891
44928.2
53015.4
35472.2
27235.2
27147.5
44905.3
29443
46195.4
43693.7
35917.3
32743.4
47404.8
50920.1
43835.3
35039.7
46342.7
49317.2
24605.2
29781
24940.8
31421.8
38596.2
42667.9
37923.5
49703
42743.9
38832
41800.1
35065.9
44602.8
50851.2
63209.4
36486.9
20936.6
48300.5
40042.5
41660.6
28569.6
33023.8
33350.9
20434.5
53824.7
34123.7
53438.6
31703.2
32489.8
34372.4
19707.9
32017.3
23315.5
33878.6
47307.7
43205
17396
42848.1
22205.3
44717.7
41294.9
41282.1
39243.2
29201.3
40118.3
37401
48051.3
29018.8
42529
44840
43003.8
34060
42633.4
26875
33684.7
28363.5
59140.8
50870.6
46688.6
44319.5
32852.3
62932.3
26724.7
43332.8
40596.2
53663.3
26837.4
40011.7
20334.4
43706.9
28022.3
34425.2
23607.6
50668.9
65018.7
27912.8
29191.4
32612.1
72085.5
33836.5
47198.3
46722.4
40176.7
60119.2
52073.3
47332.1
31119.4
18873.1
41942.8
40605.8
39301.2
38582
29219.8
34242.4
32199.5
32111.1
53917.4
41552.5
19976.9
31552.9
42494.6
38727.7
23289.6
26022.4
50669.3
33510.9
53761.1
18275.2
58824.2
27349.9
53719.7
44925.4
56843.8
37156
30407.3
44685.6
35137.1
38876.8
55221.5
22077.3
23375.7
34418.6
14916.8
26322.4
56791.2
33747.8
37904.1
58041.5
24425.9
53384.3
24616.2
38657.7
53268.3
31221
34424.4
39702.8
23433.2
57876.5
52715.5
43258.8
33378.9
40366.2
38759.5
40635.4
48585.9
45946.8
47872.6
44124.5
34367.8
30412.5
33778.6
24919.4
45468.4
47670.2
46889.7
51098.9
38616
41789
53434
43404.1
46005.3
28935.2
45078.9
37238.8
55654
35349.2
57740.1
34692.4
32597.1
34265.4
42954.6
27278.6
42244.1
38866.8
35409.8
47688.3
47359
48696.1
41725
54552.1
26268.8
48329.9
27946.7
24861.2
42272.9
28367.9
14032.1
40716.9
55585.6
29497.1
23975.2
28632.2
39433.9
14344.2
19092.2
26473.9
46281.6
61777.8
52553.7
52004
45637.6
37874.2
45387.6
52842.4
36033.8
16780.3
28458.8
32050.4
35760.1
34253.5
35521
51334.1
23951.6
26125.3
38285.8
31649.1
24840.1
38541.3
27969.8
27476.1
34119.8
27913.6
38220.3
43154.5
23631.8
36418.6
54591.9
21336.1
32438
38379.8
50243.9
28444.3
60012.9
40952.2
40113.1
54519.7
41390
33469
38169.5
55478.7
50248.4
55944.2
18331.4
71358.7
59354.1
25748.8
49753.4
35933.3
40110.5
22518.3
34218.2
49275.7
49313.1
39930.3
40009.5
59252
43656.8
8044.49
27616.8
15533.2
60026.2
19201.9
50322.2
43991.4
32341.1
40285.9
60190.9
26487.2
46437.2
53380.3
52923.2
23697.9
18809.3
30040.2
57128.1
47879.8
50211.4
37877.4
29944.4
21951.3
23560.9
43587.2
24701
29634.5
22096
37208.9
53393.3
32182.7
10766.2
48919.8
45723.2
38383.1
55423.3
47513.9
34347.7
39279.5
45616.8
51608.1
42498.6
47750.3
32418.3
23073.5
32757
41056.2
29873
35443.4
42078.6
29939.1
45347.6
48700.3
54142.5
43999
53609
15089
35884.7
23898
40465.3
35104.1
31210
30333
37181.3
33983.7
27699.9
48070.7
41189.1
50758.1
43583.8
55670.2
27024.3
41005.3
26524.8
54789
30800.9
36211.3
18806.3
31560
47542.4
46988.1
36582
35477.3
48095.3
21935.4
55394
38461.6
51065.6
34446.6
40284.2
9790.16
63239.9
51601.5
42913.9
28172.2
9649.9
35866.4
44002.2
45809.6
14238.6
41352.4
54556.6
28202
54429.4
38119.7
51138.4
23413.3
38513.2
25059.4
27547.4
27917.4
36966.5
44270
25324.4
32706.3
25620.2
49288.9
26663.4
31897.3
39555.3
37150.1
27567.7
36098.1
38108
48071.2
40182.5
72375.4
38877.7
49516.2
63300.9
33682.5
33598.5
39439.9
27120.6
57794.3
34915.7
37207.4
44186.1
37460.3
30742.7
31922.7
56678.9
30107.2
14871.5
52468.5
35175.6
38627.7
51528.9
40928
50491.1
30469
45548.4
15300.4
21009.4
41424
38446.3
41219.8
33641.7
37194.4
36609.5
43779.2
46459.9
38399.7
49091.1
43820.3
16039.9
21548.7
40366.8
55006.1
46845.2
65939.3
45078.2
24850.8
32058.9
29550.3
24003.8
44491.5
17234.9
53493.7
55300.2
29171.6
18723.6
33307.8
41844.3
28699
33301.1
49418.9
28701.8
47292.9
56484
47789.4
32714.7
37691.4
40011.4
43459.7
36956.9
33198.8
19057.6
27815.6
57546.5
52497.9
40233
38602.4
33431.4
42926.7
22433.9
44652.6
17417.4
35434.5
36402.2
26765.9
39167.5
57048.3
63285.8
18107
26528.3
18729.7
59312.7
41948.8
28660.9
52088.3
17327.6
25057.4
33481.7
59007.2
36987.6
16694.7
24980.8
52181.9
26850.6
63270.3
15003.4
51928.4
55211.8
39090.8
34581.2
29489.8
39627.2
38212.8
26005.1
46583
37266.6
28194.8
58807.8
53417.1
46474.8
37784.6
69524.2
21804.9
30226.8
64494.5
50049.1
56205.1
30182.3
20228.2
46430.2
21208.5
63241.4
33396.7
45708.8
38617.4
53080.5
37492.2
39735.3
32706.3
26918.3
22474.3
29678.8
27007.2
5444.54
50725.3
60409.3
43565.1
59386.7
32612.3
31384.9
42504.8
31558
52219.2
25117.7
23344.1
51659.7
48547.8
29174.3
22392.4
45127.6
36192.5
26722.6
44101.9
52455.4
38966.4
47319
23163.6
38946.9
50867.4
25468
23900.9
36737
35830.9
49358.1
24679.1
60586.4
31724.3
27661.2
44749.4
63208.1
21089.8
33883.6
67656.4
37174.8
44083
41593.7
39592.5
50987.3
55821.3
45075.3
47289.3
22345.8
52400.4
39477.2
29952.7
37621.8
39798.3
32377.6
48507.4
54705.2
46669.8
47029.6
36704.5
45617.5
36386.8
45326.8
34447.5
24398
42089.2
62323.6
69708.3
22005.5
32260.4
32723.9
57709.2
52189.6
34120.4
56235.9
34437.5
44553.4
23930.8
45073.7
27829.4
41754.3
25775
36741.4
74553.7
46716.4
59158.6
35608
38655.2
32749.5
22622.3
34101
51659.6
25691.8
49039
72356
48583.8
37274.6
36409.2
31473.1
35684.6
74749.8
15096.5
29780
49488.7
40785.8
37124.2
39104.9
17691.2
31601.6
44088.4
34476.3
45260.8
33739.8
29821.6
46706.7
34324.2
25746.9
37042.6
23792
40117.3
34282.1
24110.9
41736.5
48773
55352.1
39833.7
40005.7
40783.7
52217.7
55001
60282.6
38853.6
34987.5
23419.1
48488
39800.9
11776.6
37363.2
46081.9
42268.1
39386.5
42494.6
43326.8
42274.1
40777.7
36738.4
43526.3
32804.5
33278.2
29464
29386.3
47763
29689.2
46727.9
29206.7
49684.6
21404
44463.6
30996.4
37684.6
56898.8
32491.1
31178.6
47114.3
43659
26475.6
35811.2
46136
50559.2
62677
25344
62485.7
29734.9
45554.1
42634.9
15921.7
53524.9
43801.9
41988.7
58093.6
35761.6
24452.4
41917.3
36234.2
50069.4
36658.4
40459.9
37840.7
35708.6
37106.1
36484.6
37136.6
36429.3
17516.9
40040.2
30057.8
26952.1
38234
46462.4
31522.9
42612
57160.7
56426.2
44681.4
66064.8
29435.4
22658.2
35727.8
34252.2
42272.1
27371.5
31773.1
38317.9
21265.9
45363.3
23479.5
32653.5
44944.1
27706.4
28623.7
45531.7
29438.1
50880.8
61226.4
15635.9
33962
36540.3
46680.7
40645.8
61150.1
48547.7
49284.2
37997.2
35763.2
52477.2
26901
32849.6
43779.8
48228.4
32147.9
35996.9
35185.1
29225.3
50872.1
40934
49383.3
38899.9
37385.2
18317.1
56300.9
50126.8
44281.2
63029.6
46277.4
33019.2
47438.4
31076
40484.2
42980.2
53085.2
23313
31108.8
73303.3
37926.7
46973.5
59025.5
24343
50106.1
30811.2
51277.3
46977.4
41431.2
41923.9
49280.7
42632.7
35863.7
58069.6
35380.7
38689.8
45310.7
61318
23307.3
39562.4
45614
40997.8
42970.2
75621.7
31829.8
36253.8
33485.7
53167.3
52449.4
47837
45433.5
27447.7
35021.2
35164.8
39939.5
35849.9
26972.8
56168.8
30783.1
36961.9
44821.9
37225.3
40087.9
23030.4
40988.8
47322.9
63197
50650
32062.9
49549.8
26248
44851.8
29040.4
42104.2
37308.9
42914.7
60337.3
49832.1
21925.3
36137.2
19086.1
40639.1
51830.3
35961.8
18171.8
41771
21155.2
43399.9
35514.3
34980.4
28045.9
30456.2
38169.1
22364.1
36867.1
30946.3
42387.7
41141.5
29198.7
20019.7
56496.9
60154.3
47526.8
36315.1
46517.4
30360.7
26376.6
39004.2
45458.5
31885.3
61853.9
42461.9
49523.5
30952.4
58008.3
48953
45969.4
42893.2
49638.7
44619.5
41670
47764
76462.1
39964.9
34260.9
19543.9
33195.8
46859.7
18731.3
42332.1
27124.9
27487.6
47288.4
26687.6
32519.2
37260.3
25491.4
58511.5
40601.4
36048.3
31284.6
34623.7
44155.1
43099.1
22350.9
43811
37624.7
16006.5
40501.7
36563.1
65274.2
53130.9
41597.3
28071.9
47229.8
52148.9
51045.7
36216.7
48167.6
43950.9
33932.7
29230.2
33945.6
19277.6
47897.4
43859.6
25081.2
16733.1
36605.4
29422.5
40666.5
49214
41742
45055.6
52451.2
42403.5
34631
42601.6
41084.8
42827.5
40161.7
41735.6
40387.3
51733.6
27851.5
26665.4
52600.4
27719.1
28644.9
51362.2
39698.9
43403
54857.1
26630.8
22159.7
40116.4
40153.4
41491.3
54053.7
52528.7
34562.6
23060.8
45826.9
62689.3
19440.4
75975.5
48518.9
23300.2
32806.7
39562.9
41737.2
52384.3
31465.8
17926.5
30601.6
23159.3
38334.7
26452.2
39675.5
32027.2
37028.1
58089.7
50262
34211.6
45399.6
47932
42104.8
15045.7
41814.7
21442
66822.8
45741.3
28344.2
41756.6
35845.5
44806.9
23169.9
32820.7
24318.4
41041.6
52574.8
14836.4
52963.4
29418.7
36949
66244.1
13593.8
59380.4
23959.7
29559.8
22452.7
29623.6
60233.1
41050.6
39723.7
33612
17210.8
38599.9
53942.1
34916.9
38244.7
47394.2
68925.7
50309.4
48367.3
36152.2
34614.9
41766.2
58829.5
42822.4
45087.7
44827.2
31201.3
39980.7
28252.8
52568.8
41603.6
27406.8
40351.9
47381.4
34639
36047.1
22443.4
43750.5
42477.4
25634.3
30768.8
52658.1
31598.4
25881.1
57894.7
52693.4
52092.7
27141
32018.3
32367.5
42435.8
46723.5
45324.7
33339.3
33819.1
46243.5
47154.4
53382
25279.9
53517.8
39106.2
36421.9
33480.6
48301.6
44679.7
41179.4
53252.7
34019.5
28878.2
17969
44949.2
35035.8
25987.7
41847.3
52701.1
41842.7
21492
42329.4
33093.6
44455.5
20518.6
43591.2
70692.9
72682.1
65653.2
39186.7
50541.7
29751.9
39393.2
37082.2
34055.9
39481.3
34254.2
45267.1
52817.3
37200.9
22259.1
50295.5
59657.8
25956.5
31460.7
48898.1
33125.9
28688.8
32658.6
35614.6
46513.4
48490.1
46704.7
30032.3
50282
30796.5
25671.1
54866.3
65404
40362.1
36845.6
24271.1
26449.1
29005.9
50627.7
28031.4
24254.5
45962.7
38074.8
32570.3
42977.2
25757
34477.2
39570.2
41004.8
61491.3
51073.9
49037.9
25747.8
52103.9
32859.4
39469.4
30928.5
55951.6
51867.6
50472.1
54172.7
23136.1
36116
54183.8
38658
39948.3
40242.6
40977.1
44816.5
38795.6
33856.3
36145.6
53126.3
31696.2
44645.6
37995.4
33616.8
52465.4
39691.3
40295
27521
34392.7
26324
39245.2
19717.1
50640.9
46246.3
32180.8
47799.4
27917.1
35995.2
49363.7
16564.3
33046.1
49112
31685.4
35240.8
25759
29490
60872
20264.3
42698.3
41451
44498.9
40935.2
19986.6
18642.2
28646.2
20191.2
37617.5
41447.2
33778.1
31373.9
26200
27884.3
32361.2
49718.9
39481.7
41488.2
40017
45084.1
34219.8
52137.6
27670.6
22597
26530.5
28013.7
40804
42169
70875.6
36219.2
72599.8
48879
34313.3
30434.2
70352.3
43315.4
32560
22774.8
46334.9
54907.3
31290.9
25692.4
37278.3
51656.1
25808.8
34788.8
29255.4
27774.4
58912.1
45113
38546.5
32363.5
38834.2
28457.8
20034.4
18847.9
37576
46356.4
37375.8
50223.6
51553.7
24670.2
33852.7
38893.3
48131.6
38789.1
39731.1
41894.6
49020.6
42271.6
61425.7
34519.4
37141
29253.7
45821
50544
65422.6
24650.5
20446
27879.5
51148.9
46701.9
55827.4
29404.6
28009
37894.1
42017.6
58981.9
35677.1
26916.8
48408
39291.7
24499.6
38718.6
43952.1
44512.5
27754.8
54712.5
49127.6
27515.7
29447.1
37312.1
24538.6
29519.6
63910.1
35146.8
44897.7
30331.8
35746.3
44609.9
28709
32242.3
40535.4
56487.8
42029.3
48838.4
39536.3
30867.9
29159.7
41263.3
24571.3
37083.3
36528.9
42942.4
52521.2
31772.4
62557.9
30817.8
64378.4
44321.6
41042.3
38607.1
31905.8
47654.7
46123.8
34593
30489.7
30496.7
40893
40389.1
33611.7
37826.3
31970.1
20693.5
57149.1
31974.7
40056.9
33956.7
47728.5
46696.1
28374.5
22313
31669.4
32342.6
35064.9
36356.2
56782.9
62922.8
33485.8
24451.7
26466.3
61134.2
39390.8
42485.7
49668.5
43279.1
43234.1
11940.6
39487.8
36605.9
20451
49870.6
38543
33408.7
28182.8
45393.4
34484.4
45342.2
32470.1
26932.1
36625.1
44489.9
45191.2
48630.8
21286
34968.3
35238.1
31692.4
36276.2
51316.5
47007.5
63394.1
34138.7
27346.8
25072.6
38675.6
56105.7
45924.2
34554.6
35869.1
43098.9
22401.3
32739
63680.7
36517.8
39401.5
36336.3
30463.5
25295.1
32901.7
58239.1
19603.9
29184.9
43297.1
12013.8
40805.4
31315.8
17283.1
39306.9
60604.5
36352.3
47211.1
45047.6
50097.1
30976.4
16756.9
35449.3
28722.6
41581.4
72384.5
44838.9
37088.9
44648.8
71288.1
61992
36765.7
19530
33967.8
42013.6
43414.1
42695.8
33642.2
41293.3
74346.8
27128.9
36879.4
47181.2
32472.9
39125.4
50641.8
54371.7
46265
41168.4
46718.9
18900.2
39484.6
38996.8
41733.5
27941.1
43802.1
27848.5
45764.6
33239
34949
33756.2
46324.8
36780.9
44994.9
41722.9
39485
57796.8
51896.3
52321.6
66809.8
48055.4
27949.3
41856
31593.6
64976.4
36111
39171.4
33237.5
38522.6
30784.1
51210.9
50426.2
59939
43205.8
29364
38590.3
23018.9
52740.8
49724.8
30673
38938.8
27452.9
37288.5
21717.3
50177.2
53427.1
30407.4
7460.98
30603.6
52506.3
56884.2
55975
31279.8
41714.2
34589.8
28301.2
31412.2
27110.5
50296.2
49219.6
55203.3
28778.2
19357.4
21559.2
60928.5
19443.4
42904.2
30723.8
11486.8
34170.7
48195.9
42658.9
42114.4
27641.2
38854.9
39631.3
21747.3
27095.9
68658
26192.5
29146.4
49748.2
51869.5
43354.3
39129
28932.6
39925.1
45275.5
58138.4
12970.1
31405.1
61686
28002.6
37778.4
45076.6
50349.9
25791.9
26591
40800.3
52798.7
47092.4
32253.5
25008.5
51127.1
40783.2
35160.5
47817.7
29709.5
41874.9
35422.9
29490.3
27783.4
57478.8
43143.9
53286.6
16972.3
41067.7
36986.3
76233.9
41349.2
70652.6
59766.2
44556.3
49131.2
15230.8
57508.3
29975.5
40497.3
36750.2
67307.6
23414.3
26199.1
43202.1
30623.3
25429.9
20862.4
15800.6
48610.7
24671.7
38654.3
31577.3
33496.7
58812.9
44845.9
36862.4
29030.3
55023.6
52102.1
42685.4
42214.8
37624.6
23483.1
25078.4
50787
24930.7
40207.5
18341.7
35566.9
42266.4
36396.4
23352
66159.9
23002.1
34575.5
33992
46887.9
36767.5
23527.2
45604.1
38368
37425.3
18187.4
39687.8
23352.4
44732.6
50500.1
36835.3
26179.1
29374.3
42200.7
40248.5
50495.8
34680.8
45324.8
19741.4
39844.2
40456.5
64842.7
45460.1
24811.4
48646.6
45514.9
37347.8
27701.5
44989.6
24074.3
34600.6
55941.2
26694.1
28909.7
47707.7
44826.3
43309.8
62734.5
37898.3
26128.8
41725.8
1673.14
31138
28188.4
30270.4
41633.4
43381.1
50338.8
48186.4
57530.7
43003.8
43587.5
30812.6
35018.7
34308.1
56519.8
25024.4
19400.4
23645.8
29775.9
28537.8
52263.4
30703.7
33164.3
46302.2
37409.9
29902.6
31212.6
55564.5
17208.3
29818.3
36206
39624.1
30570.7
32031.4
44709.2
55913.8
39377.6
43133.4
22612.9
41612.3
57202.6
45731.6
44403.7
22024.4
43543.5
55284.2
21668.6
50031.7
37805.3
52360.2
33674
40225
28075.7
28284.9
11631
33091
24818
26452.9
25908
55106.8
41534.7
42228.5
25476.3
45522
15482.3
30575
40796
53788.3
47436.6
35094.6
10734.4
24475.4
37483.1
36955.9
25383.2
22840.9
35425.8
29962.7
43339.2
47049.5
43208.9
19651.5
46698
34876.9
17432.4
45369.9
28100.4
32452.1
40312.8
44498.8
32364.7
37156.2
35576.8
44225.7
29491.9
43320.9
39940.1
39747
34657.1
30828.2
54601
54603.5
62812.8
53793.3
25203.3
62754.9
57108.7
54607.7
43343.6
19529.2
33985.8
41940.6
22641.6
48570.6
28849.8
21859.4
40919
44187.2
27296.2
37744.2
39102.2
46853.2
43694.4
40803.8
53031.7
39293.1
40554.7
51833.2
42468.1
19688.3
33848.6
40026.6
46619.8
39289.1
35050.6
46330.1
32644.3
40350.2
47945.9
46223.3
25922.1
41824.1
40292
30708.4
46748.1
35888.3
41028.3
40997.5
40943.4
37186.4
32581
22701.7
45950.2
33803.6
36386.6
33819
55878.2
24933.7
36582.7
45214.3
42390.6
43323.6
41321.9
37193
62705.6
38761.2
27760.6
33173.5
52004.9
57226.1
44282.9
33764.6
55115.3
31526.8
42046.4
44005
46069.9
58417.8
35480.9
49576.4
42301.3
32977.8
21904.8
39654.2
53812.1
42074.6
28979.1
46582.2
32182.4
68774.2
48557.9
37793.6
39450.7
29240.4
36192.5
53801.5
33051.1
24926.3
53631.3
34460.8
28929.3
36819.9
35753.5
52120.3
38043.2
48677.3
51643.1
43803.2
60666.3
46843.3
36997.2
28177.7
23907.9
66947.6
76590.1
31739.1
27156.1
61493.8
27251.3
47550.2
20817
39757.8
49313.6
32702.8
33179.3
36123.6
41174.4
38243.1
35251.3
48158.4
30760.2
38555.8
38501.5
52282.5
32620.3
50368.8
48193.3
46528.1
27137.6
52584.3
45322.6
22678.1
53415.9
42343
31875.1
53682.1
37864.4
43284.9
36929.3
51831.1
43287.6
38940.2
58986.7
41370.2
29848.1
25627.1
65750.2
53007.9
43820.8
40847.8
47438.3
53181.6
43962.6
21450.7
28489.7
22697.2
21412.8
47589.4
32910.4
25399.2
60904.2
64191.5
28058.8
64501.7
55520.5
22447.9
40602.9
31577
28812.8
40867.5
41551.2
38710.9
40602.2
32878.5
41815.6
37032.4
36036.6
42034.5
60438.6
46090.4
18806.1
48376.8
25186.2
31945.1
44679.7
30253.5
26220.8
30761
46444.6
33821.7
60011.5
41041.2
60874.5
44586.1
38311.7
30404.1
43596.7
49527.8
61040.6
60664.9
29126
31153.5
57974.5
21351.4
33710.5
25814.1
42277.2
17298.2
30032.5
40845.5
35061.1
45010
36461
31861.9
55477
30951.1
41338.5
31975.3
53040.9
35861.2
39122.6
48025.8
42562.3
18304
48447
32733.5
37852.2
47994.8
24127.4
26772.9
57065.8
53749.5
43172.8
24774.8
37408.2
30623.4
31945
33060.5
44521.8
75823.6
69464.1
28258.9
48786.2
46786.4
33604.2
38266.2
48215.9
52919.5
32575.6
29008.3
55088.5
52131.5
19337.1
19852.1
32122.1
51512.9
47906.5
32775.9
32399.7
42490.1
35652.7
38945.1
33799.8
57955
50768.8
32679.3
15261.6
33193.7
19319.8
46737.4
58031.2
61447.6
51007.1
38930
28605
44325.6
32987
32575.1
39341.8
49075.1
69746
20509.7
28906.1
51101.1
31801.1
56731.2
38410.1
48086.2
24282.7
22761.6
50098.3
32408
45597.2
49509.6
31750.2
40518.8
15070.9
25961.1
31648.2
58389.4
37908.3
36935.5
10053.2
41127.6
40655.9
33365.5
24943.9
31893.9
29752.5
15886.2
40217.6
52695.1
46011.7
44743.8
49243.4
25171
62872.6
23193.5
54604
55358.3
42368
28258
36789.5
49943.1
30782.4
50920.9
23929.8
53520.4
39668
64344.5
73744.8
30218
27718.9
40851.9
56540.2
47803.8
51818
23803.1
38822.9
31647.7
37124.8
37636.8
33761.5
37581.2
29535.1
39175.8
41836.7
27604.7
45444.4
40165.1
48052.2
35046.4
30727.7
21783
36205.3
11181.4
49708.1
28802.3
35431.3
49376
52779.2
26284.2
35696.2
35484.4
38536.6
38902.5
28511.9
32529.2
61124.8
31069.7
46933.5
41633.2
37359.4
42709.5
48544.9
41668.7
22208
42768.1
34858.2
43038.6
30491.4
53459.2
39222.2
36682.4
52715.7
47027.5
25482.9
28289.2
52159.9
27955.9
46913.1
39230.7
50898.8
40786.5
58356.5
34131.8
27225
25444.4
24255.8
38955.9
48507
35677.3
22227.7
42820.7
55920.5
43515.2
41894.6
30077
16050.7
37672.2
25390.9
55278.3
34456.2
42030.1
51614
47967.7
45951.6
33270.2
29515
24929.9
53093.4
43166.2
35681
38535.7
45867.7
48716.7
45897.5
48678.3
38427.8
66684.9
39673.6
44620.3
28988.2
40839
40243.9
37868
46455.4
51615.2
54214.7
33733.4
30077.5
44432.1
45904.5
52545.9
43876.5
16311.7
35227.1
33424.2
21616.2
35280.5
47945
24476.3
44699.9
40183.9
27925.8
37300.4
46948.5
38593.4
29859.5
48768.6
23377
43789.3
23518.7
27368.4
34866.2
36762.2
15481
31156.6
17315.1
46849.2
44651.5
31980.3
45050.3
41905.1
50530.9
41869.7
50318.9
28861.7
39599.2
43091.4
50971.2
29782.2
46282.4
26635
77504.1
29981.2
37386.6
22047.1
39892.4
42537.8
29113.3
29831.1
40849
39259.8
53867.5
22000.7
62995.8
26618.1
27583.4
18795.8
21663.2
45726.4
38106.2
48922.8
43978.7
31034.3
43878.1
17263.9
29999.6
27892
11774.2
48639.2
41659.6
29108.5
16805.6
46232.7
38988.3
36008.3
35373.2
45002.5
51897.5
51112.1
22189.1
24387
50141.2
30307.7
29956.1
50510.4
34113.8
50863
38714.5
36747.8
33792.1
29672.5
51646.1
21828.4
53939.1
51106.7
24717.4
30963.9
38009.4
24447.8
48147.4
19131.2
49612.5
41684.1
52636
25012.9
46854
54598.7
32918.8
41753
34636.7
31157.3
51653.6
62544.3
28692.2
39353.8
29052.7
37349.8
39555.4
46047.3
50164.9
46577.5
56306.9
50306
41030.3
35309.4
28061.2
13529.4
45487.5
38026.9
44714
35281.8
31542.8
38516.4
27458.8
31238.5
49939.4
55704.2
47501.4
32275
22929.9
23595.3
60428
44287.2
24595.8
39690.4
36265.3
43726.9
30223
38933.5
41865.1
24516.7
16262.6
31771.7
43457.5
37312.5
51799.7
54371.5
35879
53489.8
34989.8
20038.7
28115.9
38717.5
46078.6
32829.1
34533.8
33769.9
22495.8
28513.7
45971.7
23120.4
44386.9
26698.4
30698
35608.6
30120.3
36718.2
33631.3
47136
48323.6
30254.7
39681.4
24783.2
56082.3
31015.5
17853.3
55788.6
32025.3
38514.5
43167.4
47113.3
34495.9
50847.6
42082.7
64678.6
45900.7
41886.6
33472.6
48522.7
34515.4
32296.2
25934.6
36009.5
28356
32249.5
42702.6
57952.4
33339.2
45840.7
28530.2
35578.3
30425.8
38042.4
35788.3
50395.8
51277.2
39438.8
19228.7
33604
32667.8
24139.4
47418.9
62505.9
32895.3
40473.7
54754.3
26110.4
65160.7
41538.7
25044.6
54893.5
31674
48345.3
52177.8
44873.8
45738.8
18274.4
55579.4
54870.2
31831.7
34372.8
19376.9
21430.7
44457.5
52353.8
62822.4
28396.4
28142
61514.4
50754.5
50193.2
33014.8
21428.1
44626.7
40113.5
21799.2
15285.6
50676.9
48665.6
45908
20995.5
63416.3
52912.6
36322.8
30746
58377.8
40469.5
23736
32509
37255.4
30389.8
55131.4
34921.6
17381.7
29370.6
29207.8
30998.5
31009.9
45831.3
50323
48661.7
54469.1
46307.5
25401.1
48018.2
29258.9
39175.7
34246.6
38783.8
42655.1
37986.2
14974.7
31606.7
22875.4
34151.8
27040.4
31426.4
69304.2
32023
30200.4
34340.4
31960.2
39474.7
40953.4
39057.7
49184.9
22148.3
61417
19828.2
41109.3
64786.2
38737.4
36303.5
41390
35033.2
33381.4
19929.3
35930
41295.6
26295.7
34343.2
28057.6
27795.3
36455.7
44458.8
23237
39486.5
36729
50142.1
35168
31217.6
40795.5
42329.6
46164.4
29029.3
46696
57795.9
44310.1
52199.6
30817.6
40495.7
40956.1
32991.7
44464.5
38483.1
41634.8
21814.7
44824.3
34980.6
26720
29428.2
59054.3
19239.5
36016.4
39313.5
35500
28002.4
48107.5
25941.4
17973.7
33311.8
53830
23688.3
40746.6
66582.3
39589.7
32482.2
31820.4
23065
45827.5
46736.9
47999.7
44489.9
27622.4
27329
29392
30787
30768.8
49932.7
37160.7
56137.5
56755.6
28779.4
19702.3
32524.2
40789.9
41503
40025.5
51956.9
28559.6
50907.3
21107.2
20336.5
45866.4
23005.6
45539.9
57285.7
26014.1
44797.2
58071.5
26730
37599.6
47505.4
44199.8
45874.2
40731.1
50690.3
42184.2
30754
56481.7
30678.6
26563.9
43205.6
44322.5
43889.3
41202.9
33751.6
51732.3
51171.3
68730.9
8193.21
42554.7
30886.9
41294
51309.6
52237.7
38867.3
30156.9
29725.8
38860.4
50284.1
41963.7
54288.7
44382.9
38380.3
44251.1
57093.8
46781.9
25051
52491.6
42728
70878.7
51277.7
17025.6
30459.5
25996.2
28920.4
27770.3
50389.1
37287.5
42015.4
43550.3
31062.4
29534.7
49131.5
59390.3
62414.1
57749.9
56890.7
41531
50072
50418.3
42646.3
45406.2
37983.5
64890.8
44841.6
44674.1
30198.8
26021.6
22250.9
45503.5
27953.5
29990.1
30527.6
70497.3
44894
26376.1
42398.4
42816.9
43894.8
36902
32356.6
18452.4
30061.8
45879.6
37279
64770.9
27145.8
34737.3
27722.2
49978.4
38595.5
36790.1
34488.3
27872.3
20349.5
34781.3
42702.1
34432.6
21492.2
56054.9
32136
34143.2
24569.3
46667.3
32882.4
24898.5
60241.2
44500.2
26487.9
38425.1
48207.3
17296.8
50282.5
30140.3
29912.2
80195.1
39951.4
32949.9
55984.7
33558.2
27814.3
25609.8
43819.5
33358.8
47810.7
40324.3
40574.1
34168.7
46763.4
30430.9
33907.4
41908
59447.6
38293.1
28929.9
43639.5
57945.2
30098.3
56781.2
35912.4
37983.1
45321.4
40699.9
23285.2
45321.1
21764.5
17541.8
56638.2
22123.5
59291.8
39251.4
50224.7
24986.4
37891.6
20029.9
39399.7
53792
40726.7
43131.6
51544.4
43563.9
32941.9
22177.7
43726
43840.5
44140.1
18858.4
30492.1
34868.1
36002.1
28259.8
19837.6
56150.9
37649.3
23686.9
48727.5
35420
49606.5
24297.8
40247.5
45079.5
11147.2
41070.8
41705.8
43448.1
45878.3
37824.7
32974.3
35986.1
43271.6
32573
27021
35714.5
40641.7
31252.8
62446
19947
24846.5
7918.11
29275.3
42618.2
31484.4
38877.7
28813
30640.9
55886
55196.8
38186.6
32957.3
31122.7
45128.5
56664.1
44799.5
50502
28137.9
54634.6
33681.2
36786.7
35159
35421.3
33709.4
65077.6
35168.4
27174.4
49550.9
47135.6
30387.3
41376.4
40703.2
39777.7
47862
54031.1
37334.8
39001.1
30688.5
64666.9
39781.2
50634.4
42574.9
53140.6
20499.7
61095.3
41199.7
39052.2
35641.6
53007.1
47090.5
29857.8
42631.7
36099
23801.3
67051.7
33377.8
48501.7
26140.4
47011.6
29584.4
46421.2
32694.1
29292.2
53997.4
42007.1
64596.8
47060
44330.7
28221.1
49776
45678.1
79068.7
57534.4
22636.4
37719
35554.3
25882.8
34247.2
31388
26433.7
33351.9
34981.1
51624.2
29078.7
45278.3
33208.5
33059.5
46929.2
40024.2
43070.7
44177.8
47602.1
26817.9
24862.9
39243.2
38206.4
19853
27495.1
32465.4
53861.3
60879.4
42829.1
20250.5
33458.2
46803.5
12038.6
36362.4
39622.3
22647.7
39956.1
40597
27298.2
25907.9
42948.8
37806.7
33706.6
35635.3
26783.9
45753.1
40522.9
47024.7
44026.6
29547.4
41632.3
49787.3
29177.2
42045.7
39947.6
35338.1
37035.3
48845.4
35933.7
50598.4
26336.7
45035.9
23535
57508.8
33492.8
33301.6
49112.5
44333.1
29001.9
51836.8
31380.2
33747.9
25465.8
49210.7
30527.5
54509.9
61415.8
55396.6
41738.4
20276.3
51031.1
55849.8
54362.9
34627.4
75266.1
26911.6
50027.7
51683.3
41948.7
48730.7
69852.9
26625.2
64825.4
62015.3
31340.5
47332.8
29703.1
67172.8
60544.9
54337.5
55740.7
23800.1
24063.9
29902.7
72425.2
35581.6
29582.8
49411.1
52942.4
55412.4
42414.1
45816.4
15711.6
32490.1
23208
29490.9
48568.2
53945.7
32815.1
55448.2
39598
35685
29321.8
40366.2
53169.2
57704.8
36343.2
32041.9
47872.6
45838.8
36798.7
26842.3
46886.4
40328
17658.7
47604.4
34248.5
40404.9
35854.7
33126.7
52429.4
24952.4
16801.3
29151
32735.8
40269.7
34259.7
58609.5
34751.8
31811.5
46307.8
34458.3
26460.1
57075.3
42154.9
37768.7
27455.3
35209.3
43933.5
45274.5
44808.7
31503.1
46333.1
28053.8
25339.9
53791.9
32943.5
32198.4
45173.4
62038.3
17501.9
25167.8
18618.6
41736.5
26768.8
28781.1
46528.4
56571.7
45416.5
47795
50348.6
42768.9
40149.9
48179.3
33592.5
61519.8
31631.4
38207.7
50126.6
36179.2
32799.3
38872.6
43028.2
45125.5
54755.2
27197.3
40025.5
39062.2
23583.1
30637.3
17493
44162.7
60863.6
33485.2
23975.2
49741.6
16740.9
43356.1
25347.1
34467.1
36514.3
44103.3
39540.9
13349.7
37017.9
42568.9
46202.9
44280.6
44253.4
62548.9
39410.9
52778.7
42239.3
42962.1
28477.2
30327.9
47138.8
57365.5
40705.3
18512.3
32807.4
29013.2
41160.5
35512.8
53881.6
40781.2
52756.6
33562.9
46946.5
31116.1
19651
30389
29459.6
25847.6
33017.6
37275.3
46784.8
38738.6
33056.6
72962.4
39360.8
30982
50288.3
15460.9
30534.7
44475.3
29110.3
21829.9
44139
22022.3
42360.3
54187.5
55447.9
36428.6
35598.4
46769.2
52738.2
56037.3
45471.1
19609
41885.2
37107.4
44780.8
33606.9
28348.2
52561.8
26047.2
22380.7
56983.4
41949.3
53378.4
48950.2
38472
49135.8
32565.9
29896.7
51867.8
39413.6
34558.2
41085.2
30738.2
42061.2
39840.9
42222.2
39118.3
28541.7
43456
19358
43556.5
27293
44157.2
51639.9
56590.2
40156.8
40192.5
43526.9
47808.7
31139.6
35908.9
35432.4
50066.5
42789.4
37257.8
22433.6
25180.3
38067.2
37822
54086.9
23278.6
53080.7
35865.5
20006.6
52235.1
14080.7
24119.4
31786.2
35637.1
38309.6
44402.1
44505.2
42477
38367.8
52735.4
43280.2
44930.6
35171.3
59324.2
22016.9
33469.4
34184.8
45157.1
25959.9
57562.7
33851.5
44955.5
62034.5
41767.9
54848.8
31079.5
36631.3
76840.6
45180.8
36439.1
28138
26138.7
33254
37465.5
55481.1
39479.1
22672.9
36612.9
53002.7
56557
17601.3
34933.3
22062.1
27959.4
25787.1
28652.8
14263.1
42482
46646.8
47895.4
49800.4
34536.7
29926.1
37792.7
57204.6
37498.6
30292.6
39828.5
23739.5
51112.9
56026.5
44916.1
64054.4
54462.5
32474.9
40899.2
57919.7
46025
35675
40884.8
61537.3
32172.3
25124.5
20417.5
22347.2
42723.8
44886.9
42656.4
52518.9
19522.3
34890.6
55040.9
38154.9
39351.5
51155.6
58496.2
38144.6
45326.2
46079.6
31943.4
33305.8
36611.5
44138.7
45948.1
31708.2
71823.7
51391.6
63704.6
62070.4
33052.2
41437.9
39170
34810.8
43755
61262
41883.2
37736.4
53010.9
52256.8
27723.5
47825.8
40320.1
20624.3
25445.6
48053.3
46101.9
30634.8
36731.7
38123.6
32997.9
45795.2
62596.9
39452.8
40130.9
38290.7
18324.9
29138.4
29459.7
34596
34487.7
60404.7
27327.8
79631.1
32513.3
37183.3
31258.8
47584.7
34538.3
33414.9
35755.8
29091.5
42072.9
25556.4
39801
66962
61257.5
22326
41894.9
66758.6
47409.7
48273
43678.4
69292.4
51039.2
36715.3
48197.9
40861.1
35875.7
44798.8
42138.8
31489.4
29379.5
52783.2
33169.4
35375.9
37175.2
5275.29
30200.8
50307.2
36697.6
45022.1
27570.3
23409.5
37346.4
40502.7
44080.5
45557
40172.2
43952.2
37900.2
16667.4
43834.5
23633.8
59365
47647.8
61909.1
24825.6
17707
29148.9
45232.4
27407.8
57000.4
20147
57885.5
39927.6
66328
37518.3
75097.7
50484.4
31803.4
33644
58977.1
44997.6
50791.2
32903.4
35659.9
26207.3
49832.2
66691.9
33757.1
32708.7
43934.6
42823.7
25444.2
54408.1
50788.9
47917.1
27725.5
60204.4
31150.9
27774.7
25578.8
55826.5
49697.8
40648.2
33185.5
37235.9
18298.1
55545.7
60614.9
45263
45111.9
48254.2
38553.7
47050.9
40727.6
46761.1
15974.9
28755.9
16349.9
35906.9
30966.9
42258.9
51501.9
34413.2
26239.2
41467
51862.9
23399.2
27282.3
43232.8
46176.2
31778.7
49826.2
32314.9
53246.3
25802.5
50057.7
38634.9
48908
14325.6
45254.6
26219.9
28971.8
48633.4
18177.3
41186.4
39567.7
28773.2
42304.9
33606.4
49889.2
60131.4
32183.2
39517.1
26653.1
32808.4
55275.1
48393
39989.7
40982.2
41688
28472.4
48784.5
32076.7
61323.6
50282.2
17527.3
43098
22389.2
44377.8
28882.3
55876.3
41110.2
34276.3
54354.7
36510.3
43723.1
33149.1
37029.4
36347.4
47717.8
42865.7
45705.4
31909.6
52702.1
48738.1
28254.6
49359.3
42978.9
38220
19023.5
27746
53637.1
48148.4
55696.8
38312
46080.6
32358.7
38711.4
34745
26982.2
44452.2
59241.2
52547.6
33486.2
23712.9
25330
42139
41165.2
66945.1
44577.1
32628.3
37327.2
47980.4
51153.2
47548.1
33028.8
55098
45461.5
44553.6
43999.5
60805.3
18615.1
65503.4
34334.1
44456.9
28915.2
42100.6
32701.7
48811.1
33065
46148.7
57848.7
26649
58325.5
18841.5
47688
56391.6
58019.8
27499.2
44438.8
44527.7
40452.4
26186
36351.2
37428.5
45950.5
35242.7
35533.3
48753
30718.3
40914.6
19857.2
37932.8
41288.2
46761.2
28080.9
19426.9
39988.2
69954
15606.8
30738.8
51805.9
56015.1
26181.8
37134.4
40334.3
19702.3
50418.1
44027.4
52693.5
17778.1
25216.7
20392.2
34450.4
62909.5
44334
36596.9
36405.8
50421.9
48694.9
22867
69123.3
34615.8
37984.6
51075.6
37816.1
29078.3
63420.5
57924.2
31016.3
37586.5
32543.6
57412.9
35698.2
25679.9
30623.9
38478.1
40020.1
52264.3
24097.5
46797.5
53734
38823
30788.6
46260.7
34218
37963
35126.6
45291.1
30218.2
53648.4
50653.5
48838
20017
20738.2
22366.5
42551.2
32622.7
42702.2
23052.3
40260.1
59210.3
48636.2
47050
28491.1
42615.2
49968.6
39826.1
47116.9
28125.6
50825.3
25064.7
70153.7
24614.8
44808.9
27695.8
41303.4
33640.2
74403.4
34349.4
29164.8
45627.3
31585.9
34951.6
21267
18134.5
29942.2
53980.9
48077.7
36993.9
31016.8
34430.8
26437.6
37672.1
24667.3
70483.5
60575.1
34547.1
54814.7
27571
32006.1
37208.6
48187.2
36629.3
28509.9
30949.9
30277.9
24673.1
48461.7
41102.5
37293.7
55486.7
36261.8
35127.6
46976
54166.7
73257.3
38600.3
55286.4
51201
50073.7
51078.9
34902.3
24221
46596.8
31314.2
19853.3
18252.7
43357.9
60207
36163.9
36871.9
28527.8
29255.5
35957.3
54300.8
57468.2
57576.6
30709.6
30709.7
27538.2
29277
37171.5
30482
17585.6
42367.2
40614
47453.4
38993.6
27874.9
44322.4
24636.2
42125.9
35693.4
59161.7
34075.4
49940.1
40575.2
19686.6
32278
47102.1
36659.9
47042.6
45383.5
45648.3
26257.6
33971.9
57615.5
31429
34600.6
35584.8
35704.2
35169.4
51068.1
23265.9
43915.4
43555.9
32048.5
17797.8
28987.4
59125.3
52103.6
50668.1
40601.9
38695
51256.2
43494.7
21742.6
40164.9
35929
46136.6
36096.6
33815.4
45587.2
48396.3
53866.7
40472.6
54558.1
40117.3
68036.4
34388.6
41854.3
67508
37079.4
42420.2
53643.7
59689.7
43914.8
36205.1
48119.2
30024.1
19625.9
71826.9
45156.3
40478.2
38994.5
44163.6
48823.4
23443.6
30582.8
41209.4
32229.9
28076.6
19705.5
50956.9
63400
38821.1
38911.1
47750.6
29038.6
23873.1
28515.8
47395.5
32095.9
26329
70401.2
43790.7
33787.3
33538.8
20177.5
43555.7
35070.3
39660
49325.1
34121.4
39212.4
28209.9
41640.6
23760.6
45756
31178
35183.7
29980.2
36698.7
25360.8
27719.7
41529.8
37779
31202.5
49790.1
51614.9
27037.7
42558.8
42747.3
41796.1
34825.7
41851.3
11997.8
49985.2
38165.7
30691.4
24345.1
36894.6
44703.7
33588.9
33128.6
34216.1
58366.1
37371.3
60106.5
42143.7
58739.4
27710.5
40266.7
36682.1
51666.7
26428
35824.7
16404.7
25403.4
44309.9
37010.7
37668.9
40617.4
40498.4
45262.4
41825.4
32560.3
30766.1
28643.7
30189.4
33084.3
26912
44410.7
45700.7
40738.1
42064.6
35203.1
38532.4
28209.7
62092.2
36075.3
49273.3
15555.9
32661.9
35264.2
43892.1
29424.8
27400.3
30031.3
56670.3
45350.5
38177
51709.8
35948.9
10878.4
41706.5
43824.2
50816.7
45990
42169.2
39176.5
49757.4
39655.4
42517.6
54709.3
20317.7
32760.7
48428.2
46282.2
32336.5
65980
50319
34876.9
43439
47223.2
34456.4
34831.4
44402.2
31082.3
38148.5
29722.5
35325.2
55776.6
54729.7
40918.4
43145.2
32766
34249
30575.4
7360.43
53424.8
40757.5
27905.3
37857.3
42346.4
60353.3
40205.7
40840.6
63055.1
66518
54518.4
34504
55589.3
25063.4
48725.4
32047.5
53137.2
27248.9
40931.2
62841.9
42883.4
37969.4
33578.4
36404.3
28994.7
50165.9
43285.4
36443
45588.6
45017.7
39345
35405.2
35085
24525.5
47473.5
21257.7
33873
32990.4
55565.5
36307.8
21821
41197.1
47699.3
25750
44393.2
45393.9
18353
50316.8
50903.3
40401.8
52014.7
37570.3
53171.3
23836.8
37124.2
49866.7
31009.5
36832.4
37562.7
41164.2
58762.7
42151.1
41216.6
44595.9
52643.4
54428.6
40873.4
45252.2
29730.6
21833.7
47707.7
39922.6
47355.7
37714.2
43086
29897.4
54504
46161.9
36679.4
42678.4
54052.4
48581.8
28528.3
37297
40670.1
28516.7
42854.8
21912
18092.2
34656
15991.1
41182.5
31060.5
33899
31765
41235.9
39863.6
31222.6
40830.9
28482.4
55781.7
38768.3
31877.2
64241.4
52847.2
41984.1
27183.6
18485.1
49525.2
45765.3
20939
30172.6
50704
45417.3
34096.7
69240.2
46345.5
57699.3
19061
52263.4
36342
37950.7
35301.2
40140.3
25297.5
48630.4
49924.9
55651.2
44824.4
31245.1
61347.6
42449.9
45183.8
40073.4
38255.1
72071.1
39332.8
38892.7
27206.8
27473
46698.3
19641.6
46853.4
38612
45023.7
37993.1
50256.1
31939
60512.1
31716.1
32322.6
41195
45648.7
31855.9
49062.5
36685.7
34675.2
30204.3
35023
34861
48925.5
52209.5
28393.4
37827.4
22525.5
48812.9
17820.7
29260
41652.8
49233.1
44846.5
37796.2
56993.2
29688.8
24534.4
36484.3
54724.6
40309
31445.6
30426.5
38090.9
31662.6
49895.1
50664.7
23841.3
20472.3
40535.7
44795.6
40584.5
65884
38436.6
52459.9
31464.5
40357.6
20123.7
37742.9
28245.7
35935.9
57869.3
32006.8
40094.7
34966.2
37796.7
38352
43623.1
40788.3
45054.1
31042.4
46967.8
46839.3
18519.2
29465.4
20607
51921
31383.3
38726.6
30952.4
24739.1
30945.7
33617.5
45015.9
42511.3
22675.8
18746.4
33658.8
23242
22343.6
43193.2
20546.7
34092.3
16289.2
24397
51731.9
31107.8
52855
40196.8
54400.7
18521.1
49915.2
27065.7
31140.1
35336.5
39517.6
44317.9
21222.5
21198.8
46980.1
34571.4
41314.1
43101.4
47328.2
53038
30383
41348.8
16372.3
25040.2
49158
39313.8
40031.1
20663.2
33951.8
46796.7
53082
35857.7
53923.5
21738.3
38487.6
53156
28729.4
29354.6
49329.6
27340.5
39565.3
62797.8
39899.3
45360
43775.2
35148.5
58591.3
48309.3
43029.3
53967.1
20951.7
45184.3
47618.6
31748.6
12535.3
43754.3
38973.2
41311.2
61290.5
33431.5
52506.8
21012.3
47099
34078.5
46904.3
33503.6
24530.5
60455.7
58461.8
39826.9
25111.6
40935.4
47288.3
26140.4
42336.3
34229.5
46886.6
32848.2
23873.8
37580.2
17265.6
29304.1
56013.3
35754.4
38034.5
21489.6
52498.5
63368.1
25071.3
41631.3
60071.2
46949.5
56145.9
44163.8
32303.5
41054.6
42846.4
30645.5
19087
52447.9
19700.6
40975
40097
35978.8
35706.7
33995.3
17636.2
61708.2
33061.4
47178.8
26067.3
64177.7
43438.5
39651.6
25731.4
36698.2
39361.2
17722.8
50927.2
38868.1
46001.1
34510.9
61787.2
40560.1
44343
33142.2
58844.4
29959.1
44497
51539.3
30688.2
39364.7
38852.4
39343
39047.1
37308.6
62337.2
48496.5
58121.3
54233.9
24142.9
20391
35955.8
30142
47903.9
20435.8
38252.4
41515.4
37218.3
10522.9
37273.4
46864.7
51371.2
13950.1
10414.7
61726.2
50955.5
40465.1
33611.6
36558
58583.9
37086.2
34878.4
46061.6
40647.3
40839.3
26280.4
30634.2
24865.3
36562.1
19131.9
28386
37452.3
16948.5
35813
13209.6
32280
46239.9
43555.3
54126.2
35983.3
49301.4
35823.6
26981.3
47433.7
42817.1
57370.8
61051.6
33019.9
47250.2
30087.2
71024.7
48480.3
56336.7
31375.4
63007.2
24363
54438.8
56502.9
31157.4
41704.2
29090.3
33771.2
46123.3
33684.4
56600.2
48441.9
45760.8
31582.9
26840.5
41191.4
30935.6
50454.6
20959.5
34022.9
46307.2
49601.5
47412.9
27400.2
47327.3
49186.1
34218.4
28389.5
55695.3
45747.9
26043
33833.3
31482.3
45848.1
41096.9
61690.2
34783.3
59126.1
35954.5
23059
37554.4
33024.7
63158.2
41791.6
18384.8
45006
17130.3
28127.8
41218.8
47603
30535.1
49161.2
58779
51005.6
52371.7
19830.4
42510.5
23802.6
42475.5
44419.3
44745.2
57435.3
36097.9
32944.1
49858.7
35359.5
36712.6
24861.2
42435.6
33115.4
54444.4
36484.2
28725.7
28952.6
48323.4
35875.3
22235.1
33655.6
50814
37443.7
45312.8
26163.6
26949.4
48047.6
53073.2
38583.2
21521.4
37816.2
32726.2
30703.2
26493.1
51917.2
55335.1
53413.2
61035.3
47834.5
13088.3
27668.8
44418.6
40298.3
58836
42661
33122.2
37103.2
32613.7
46542.1
46146
40732.1
37061.2
45291.9
50522.5
45919.1
55040
54365.2
46210.9
53907.3
52435.6
31709
45739.6
40076.8
59364.5
44298.4
28697.5
35761.2
36432.4
36902.4
24986.5
57662.7
21389.2
30636.4
32746.9
53167.3
32255.8
24078
20636.1
38397
41756.5
37760.8
55099.3
30648.8
30024.4
46226.5
32965.9
35123.2
41979
67106.9
40279.1
21325
42947.3
35354.5
29781.5
56312
22459.5
22614.4
29028.7
43876.8
52952.1
52960.4
43025.9
26315.1
32113.7
35092.3
35605.4
34842.7
58492.5
43285.4
43126.1
43995.9
35283.7
38335.2
26381.1
44630.4
39025
27160
58880.4
26861.2
51385.9
44550
45088.4
49650.3
12855.8
36000.9
42904.8
31252.8
31914.7
41668.8
19880.1
62455.2
40794
25957.8
48127.8
30635.3
29877.4
62067.6
39072.2
38431
22687.7
40195.9
17660
30127.2
48011.6
32674.6
50469.3
30379.5
34574.2
57718.9
55503.4
30495.8
22045
32522.4
46559
18438.8
77555.9
25017.4
2739.35
36612.3
45858.8
54690.3
34666.6
18102.2
63110
36304.1
30488.9
29429.4
37715.1
38382.2
20524.5
52076.8
30136.1
44588.2
62635.5
44379.4
37781.6
48711.7
29308.7
36313.3
60579
43454
24763.4
36862.1
42456.5
44107.1
56223.9
46944.3
67810.6
20879
36257.6
31442
43783.2
35751.9
46282.1
64505.4
34707.4
66781.6
60818.7
65529.4
40908.1
27492.7
27221.3
30417
20408.5
42824.4
37398.2
44672.9
27850
49280.1
35790.8
28810
32712.4
31063.7
57206.4
33475.1
47249.5
24328.1
52618.8
17924.3
49428.6
29714.6
39205.4
47240.5
29382.9
15999.6
20853.8
24432
53658
39470.7
15298.5
35530.2
27853.1
43633.1
49184
45364.4
15122.4
28017.7
34861.1
37100.6
48296.5
31379.8
45950.1
59943.4
25772.2
28086.6
32966.7
21449.3
43438.6
48967.4
32835.2
53238.7
35183.6
55061.9
22144.1
35930.8
32975.5
42403
28592
69419.4
58897.6
28115.8
9504.56
42174.8
52241.9
40784.4
30834.6
12306.4
38426.5
27004.2
28399.9
21906.6
57708.8
62315.7
32477.6
55292.3
37412.6
33970.3
34944.5
23041
34233
37480.2
62879.1
23237.8
43193.5
30516.6
53372.2
29272.9
49260.5
40531.8
16996
39333.4
43725.8
38098.7
23915.1
43192.6
44748.1
33265.3
27002.4
33989.2
30387.1
59619.1
52005.7
47365.9
16682.4
47198.6
52301.7
35424.4
38968.1
48940.9
29986.5
18913.1
65218.3
74252.4
59604.1
40578.6
36756.7
42052.8
32922.8
41873.3
35444.9
53025.3
35519.1
54222.7
35873.6
37622.1
18570.6
24983.1
31565.1
39209.9
19740.1
43798.2
22335.4
29259
36897.2
47894.8
43786
47237.3
65752
39346.5
30205.4
40724.8
70555.9
27168.7
43219.6
33828.6
65166.1
47008.9
36753.9
24540.2
28010.6
50332.6
16284.3
36308.2
54449.3
41557.7
68065
41118.1
41882.2
21540.5
35591.4
36869.3
43780
23719.8
14589.4
29906
24995.9
17964.2
46931.2
40734.3
54776.2
51687.2
36990.7
34193.3
57046
24776.5
16379.9
41879.1
53632.4
48953.1
34850.2
30827.1
33274.1
32921.2
28632.6
67540.3
36807.6
22635.9
41296.6
39072.7
47050.4
17950.1
23443.7
21643.8
20306.3
36320.1
42994.3
21777.4
45176.5
33823.6
36239.7
59180.3
38600.4
41947.5
34777.7
23765.5
44584.1
42575.5
47502.8
35932.4
32682.2
27020.9
35021.6
29687.7
38475.8
25680.4
54048.8
27917.7
20374
24896.5
43619
28063.8
32562
44723.6
61147.3
43889.7
48096.7
68659.3
44862.7
47181
70945.2
27910.7
47682.1
66062.7
32441.6
29923.7
38166.8
40090.3
34993
30183
41742.8
42322.1
24192.3
64542.1
48801.8
56202.3
55229.8
25393.9
49330
35298.6
61888.9
36937.4
25367.4
48848.5
18193.4
54516
25276.3
43635.2
33973.9
29973.6
52744.1
26998.4
31539.8
48246.1
37960.7
16343.3
33627.3
29985.8
51751.8
34486
26147.6
30040.5
53943.1
58476.8
42120.9
43202.1
47493.5
59266.2
22413.8
45403.2
30372.2
53120
55130.1
41546.8
51835.4
47282.3
53309.2
50895
44659.6
34830.9
30689.2
37851
60779.5
48300.8
21242.5
53772.9
58869.4
46040.9
25097.1
55575.8
46664.7
46980.1
44533
31385.4
35932.2
36474.9
38213.1
41401.3
35260.1
33534.9
41660.5
51814.5
41417.2
28434.6
32797.4
53664.3
56385.6
52463.5
28327.7
38746.4
30162.1
46856.2
27482
46577.9
27474.8
52496.1
43647.5
42562.9
27513.9
37652.7
29346.7
35382.2
35101.6
36787.3
19748.9
52727.9
59266.8
30913.1
26921.6
36259.4
39509.7
42810.5
28174.9
27915.6
73673
48522.5
32349.9
35945.9
23465.7
29057.1
30679
42776.5
37311.6
38279.9
47159
38471.4
31044.4
29621.8
16575.3
22878
41370.8
39775.1
32543.7
23260.5
50561.6
41750.9
24728.1
47358.4
21295.3
38369.6
69886.1
43839.9
55863.8
34868.9
41548
30896.3
34040.4
38764.2
29177.4
42540.2
54006.8
49291.5
38440.4
51095.7
38702.3
32118.2
32375.6
62681
38952.5
43184.2
60887.7
52633.8
47785
29475.6
22482.8
38514.6
60349.4
68422.8
32385.6
36648.4
47042.3
32319.8
57279
40408.6
47999
34559.6
56858.3
42241.5
19886.6
29245
15139.4
82658.9
35960.3
52609.9
43249.8
43926.4
40058.6
58716.1
58074
20949.8
61718.2
32647.2
51110.4
29570.6
30306.3
26525.5
42187.7
13053.9
29607.8
45172.2
47534.4
45429.7
37653.1
45485.8
34430.7
51807.6
49799.3
11199.7
29980.9
38158.9
51844.1
38059.1
29530.6
40452.8
52508.4
21071.4
63254.4
44246.6
30744.3
55763.9
24916.5
20841.3
36828
46347.1
47130.6
55958
30183.6
57689
54989.6
60290.2
30573
33009.7
37335
53333.8
34407.9
32779.6
48229.3
42109.6
33990.6
36718
41017
41240.2
18389.2
47581.4
18622.9
39471
41474
47969.9
60420.1
37466.7
41214
37375.1
28948.9
28317.5
42509.1
64151.9
35503.5
56365.7
24687.5
36867.8
39290
21004.8
41776.4
22668.3
33112.9
54134.5
49525.5
47953.9
37650.3
30082.6
60602
48768.3
29802.8
31276.1
43242.4
55331.6
60581.4
73414.7
27124.3
51725.2
44071.4
48182.3
32049.8
26112.2
24408.2
35412.9
48604.7
28088.6
37452.7
48434.2
46481.9
54967.2
60407.8
39925.1
41458.5
51305.7
31325.3
55670.8
42229.3
23597.9
30273
50329.7
44584.3
38102.8
38833
23407.6
40874.3
35232.4
42023.5
44087.6
34233.3
49429.2
41150.5
12366.7
47896.1
35514.5
29155.9
45726.4
34701.4
47294.8
41245.4
41277.8
28955.1
35284.3
46080.4
14096.6
32133.9
49192.9
45438.9
61998.7
32630.6
37655.9
58008.5
33845.1
30762.8
50094.2
36264.6
43373.7
34389.2
47572.5
43826.2
40473.2
41184.9
26705
36410
40041.8
51814.3
30577.2
32097
56860.8
28035
31129.1
45284.5
71304.8
47622.5
44109.8
36771.3
64687.4
44470
44707.9
44314.6
31939.8
29317.6
41639.3
58722.1
53779.1
44742
43248.2
44645.6
33870.2
18597.6
46352.7
44012.3
37091.9
29186.9
37201.9
50258.8
55947.7
37893.4
41041.8
46265.3
33146.4
34561.1
52113.3
43140.6
50512
44859.3
31916.5
47279.4
46505
36799.2
28789.6
13949.5
54799.6
36015
41893.1
49526.9
49270.3
43798.4
54284.5
37635.6
37284.1
46721.6
33404.8
15730.2
48676.2
30608.8
50674.3
39129.6
34763.8
38863.6
23651
38136.5
72211
30874.1
15303.4
21190.3
31370.8
39854
25252.5
46204.2
29454.3
47337.1
52167.2
39893.9
46844.3
45191.5
30543.6
29819.3
58765.5
39711.9
25915.6
50469
44771.7
45804.9
44146.2
33190.9
59996.1
55341.3
22023.8
20379.8
25894.4
45231
30812.4
36238.2
56841
18715.6
35432.1
35573.1
32737.5
34574.7
38649
41267.9
44107.7
51617.8
51934.7
51067.1
41181.8
55315.7
26237
50406.5
29930
30744.8
33166.9
29168
30290.2
44314.6
27583.6
38336.5
42114.1
36490.2
29989.6
37681
60608.9
19705.7
35634.8
27255.6
27568.9
43796.5
34567.6
41894.3
60030.2
42473.3
54760.7
33162.8
37331.3
32725.5
40424.1
45099.7
40418.9
25456.5
44655.1
32653.1
41912.3
29217.3
60117.6
28606.1
19838.6
51832.7
43568.7
43070
28984.6
48233.5
29457.7
41242.3
37907.2
25703.1
52560
42620.9
51080.6
46962.4
16457.6
35372.8
27579.9
28050.9
24273.4
40556.9
52583
33331.9
24182.8
14012.6
31787.7
20804.9
53985.2
29083.7
30016.5
50557.3
55326.1
33165.6
45960.5
25327.5
39939.9
29333.2
38411.5
41291.4
65968.6
35689.8
22571.4
36806.9
23072
59558.7
65618.9
40947.8
38620.6
19558.5
34388.3
42784.9
36370.8
42446.2
31469.4
30839.7
42648.1
38751
39095.9
58002.4
22613.3
41165.4
39530.1
35482
40486.5
36329.1
36978.6
30343.6
33212.1
41346.5
54763.4
40955.2
24272.8
23093.2
49911.1
61705.9
44001.2
13373.7
55571.6
30502.2
41870.4
31450.5
38431.4
31882.7
34513.8
42943.6
44055.2
39162.4
35743.9
24205.4
43587.9
26589.7
40295.2
39647.8
36429.9
51327.8
42042.6
23010.8
22231.9
49101.2
50038.4
27665.3
35437.8
20021.5
22855.1
33120.1
33235.7
35922.2
54817.7
46057
42347.4
37099
39766.4
31033.8
38325.9
64931.7
54431.2
50763.1
31088.7
29209.6
40610.8
17309
30914.4
57133
61096
39794.6
28232.2
56714
43830.3
42155.7
41246.9
22815
45257.7
47722.2
50567.1
24238.9
49673.3
26243.3
22761.4
45617.7
36280
36389.7
40706.1
49426.7
34099.2
45287.7
37828.6
46818.4
33261.9
27798.5
33080.8
33671.3
45363.8
36021.8
14554.1
29279.1
34895.7
25184.1
35482.3
36377.9
26290.8
35902.2
48673
36309.2
21334.2
32224.9
52954.6
39010.2
44834.5
43126.6
38909.2
37835.8
36780.7
27692.3
56172.5
52755.2
21316.4
31344.3
53456.7
33381.9
51640.3
40166.8
16785.5
29698.3
37322.2
26265.5
47441.4
27804.1
29169.9
49449.2
35755
48135.6
33366.8
19196
61646.8
21489.3
52995.9
40880.8
58518.7
39887.1
58543
46453
40381.4
17673.8
60567.6
53567.6
55573.3
73820
38892
33486.7
29273.2
28651.9
44296.5
30412.9
45832.4
51414
45643.3
28700.7
34416.7
33521.8
62050.7
51689.5
43484.8
40484.3
45481.1
39927.4
24867.1
28549.4
32981.9
41155.6
56303.4
43235
46591.5
25677
29456
30198.6
35611.6
15076.7
42642.9
19145.7
47552.6
34326.9
48582.3
36629.4
16515.8
33082.1
53246.8
45821.9
24916.2
43600.9
41222.8
38246.8
46110.1
42755.9
23845.7
28358.1
57066.7
52263.1
27961.6
13081
39762
36128.9
50120.2
16545
28040.4
25005
36330.5
41890.3
35247.3
75806.1
27355.3
30002.1
51215
29993.3
44146.3
58733.5
54904.5
23214.6
43567.3
51220.3
29172.7
18666.4
22460.3
22344.9
49356.2
39727.8
44291.4
33827.8
53054.6
41143.5
25347.3
43463.6
31811.6
24963.8
55565.8
25569.2
51321.6
52096.6
32976.4
68043.1
30986.2
38854.8
65707.4
44127.7
31059.2
40012.5
30560.6
29489.9
44754.6
60337
40068.6
48910.2
42620.3
52430.3
32821.9
43460.9
22499.3
30872.4
35492.5
45741
47746.7
30150.6
39997.1
39578.3
54805.2
53103.6
30481.9
42358.6
14049.3
39892.5
32146.6
18692.2
39663.7
53089.4
44668.9
36645.1
25049.4
38619.9
42880.6
71459.8
25645
61643.5
58441.1
21955.9
42530.9
44585.9
40419.7
32095.4
29749.2
34643.9
36800.2
51451.4
27898.5
36842
25754.2
51358.5
21186.1
36470.1
45916.9
57019.1
40684.1
17034.3
43319.8
50628.2
28505.2
43370.3
44410.4
25699.7
33961.9
42233
34989.6
46920.2
16165.2
39754.2
50042.4
39009.1
41208.7
25760
30976
31179.7
37365
51229.1
51398.3
53629.3
15158.5
29129.6
6518.29
31827.5
54538
43958.4
36716.1
33680.7
32675.3
30267
38919.7
38130.3
43742.4
53254.3
52034
18499.4
33680.2
38841.1
41402.4
41489.4
38128.1
27955.5
25359.3
38245.1
21969.7
43688.6
22596.1
41434.9
35672.8
40049.4
43126.5
32424.2
53577.1
43504.3
31243.5
65119.2
26030.2
27538.5
43618.4
44945.3
23376.1
30328
23280
35560.3
44965
31000.8
22868.7
32850.3
41108.2
29475.6
33481.2
35523.4
51715.5
46736.7
30645
34441.3
34903.7
30681.9
37609.9
30254.9
21283.6
22550.9
40192.7
48117.2
49874.1
36755.1
28394
35502.7
37476.3
36781
40146.8
38568.3
43319.1
32517.3
33359.7
42564.5
29905.1
25710.5
34996.6
22562.5
34125.1
26830.7
37971.8
35763.9
51403.2
18682.7
48595.2
34620.3
50650.4
37168
49301.8
28227.6
17435.4
23970.7
59258.5
11956.5
37425.8
54446.2
51603.3
38657.1
41482
45116
46982.9
36998.8
49585.5
43297
41765.8
35426.6
32650.6
58549.8
31321
43802.1
48659.2
59693.1
36007.8
23557.4
33645.9
38319.5
54353.1
34726.6
36474
40543.4
52860
17518.1
37810
22841.4
56069.3
46346
47902.7
67446.1
55668.3
57833.9
32554.2
49607.8
24392.2
21019.3
53880.1
36397
37104.6
37286.1
47840.7
30565.6
26096
35440
26205.2
46460.5
32844.7
38215.9
57201.7
39909.7
39528
44974.8
37519.7
45910.1
37445.3
42537.3
28985
30054.3
19795.8
41364
45970.6
15469.3
43770.3
43256.2
45866.2
39780.8
50915.5
33398.5
40882.9
42180.9
45574.7
23789.2
34349.3
45030
28096.4
33020
26646.2
43631.5
50975.3
65033.8
39790.5
53578.1
33445.4
36704.1
42859.3
41843.4
47340.3
35679.5
30522.3
38061.9
51066.4
56380.4
46335.9
38108.1
25143.8
25272.3
21442.5
51803.3
39018.7
20326.4
62086.8
42322.1
33762.7
34637.3
19582
36173.9
18364.9
36904.9
33293.5
42502
35729.7
63317.1
45545.1
64429
38406.9
47033.9
34380.7
51018.9
26914.7
41619
47615.8
16704.5
35113.6
27658.5
38069.9
35489.1
45973.4
44799.7
36936.9
29510.2
36033.5
16118.3
50916.1
25863.5
24834.1
60166.2
45722.9
31124.3
28267.3
23724
53864
39541.5
44096.8
39046.9
36467.7
36524.3
32372.8
50058.8
37302.5
50555.8
49535.6
50542.9
51833.6
29045.3
30071.2
41458.6
52422
45100
52821.1
31739.5
40951.2
25367.9
34922.8
54677.8
52429.2
51757.2
18599.6
38107.8
34503
18131.3
46026
43011
56978.5
32228.6
22685.3
37921.9
35780.2
